0.00299404 0.13828 0.121358 9.9964E-05 9.9964E-05 0.503108 0.23386 9.9964E-05 9.9964E-05
9.9946E-05 0.0900403 9.9946E-05 9.9946E-05 0.888004 9.9946E-05 9.9946E-05 0.0213561 9.9946E-05
0.0749531 9.9964E-05 0.003946 9.9964E-05 0.864272 0.00422515 9.9964E-05 0.052204 9.9964E-05
9.9946E-05 9.9946E-05 9.9946E-05 0.11138 9.9946E-05 0.295732 9.9946E-05 9.9946E-05 0.592289
9.993E-05 9.993E-05 9.993E-05 0.999201 9.993E-05 9.993E-05 9.993E-05 9.993E-05 9.993E-05
9.9937E-05 9.9937E-05 9.9937E-05 0.171143 9.9937E-05 0.828157 9.9937E-05 9.9937E-05 9.9937E-05
9.99369E-05 9.99369E-05 9.99369E-05 0.0141091 9.99369E-05 0.985191 9.99369E-05 9.99369E-05 9.99369E-05
9.9955E-05 0.0336696 0.000684978 9.9955E-05 0.872644 9.9955E-05 0.0925019 9.9955E-05 9.9955E-05
9.9937E-05 9.9937E-05 9.9937E-05 9.9937E-05 0.997254 9.9937E-05 9.9937E-05 9.9937E-05 0.00204646
0.00252057 9.9964E-05 0.0230335 9.9964E-05 0.825127 9.9964E-05 0.0626151 0.0863042 9.9964E-05
0.028723 9.9964E-05 0.0154491 0.0238733 9.9964E-05 9.9964E-05 9.9964E-05 0.920356 0.0111989
9.993E-05 9.993E-05 9.993E-05 9.993E-05 9.993E-05 9.993E-05 9.993E-05 0.999201 9.993E-05
9.9946E-05 9.9946E-05 9.9946E-05 0.00278426 0.976936 0.0196804 9.9946E-05 9.9946E-05 9.9946E-05
0.999201 9.993E-05 9.993E-05 9.993E-05 9.993E-05 9.993E-05 9.993E-05 9.993E-05 9.993E-05
0.00423126 0.0601129 9.9955E-05 9.9955E-05 0.931983 9.9955E-05 0.00317357 9.9955E-05 9.9955E-05
9.993E-05 0.999201 9.993E-05 9.993E-05 9.993E-05 9.993E-05 9.993E-05 9.993E-05 9.993E-05
9.9937E-05 9.9937E-05 9.9937E-05 9.9937E-05 9.9937E-05 9.9937E-05 0.000996442 9.9937E-05 0.998304
9.9937E-05 0.965172 9.9937E-05 9.9937E-05 9.9937E-05 9.9937E-05 9.9937E-05 9.9937E-05 0.034128
9.99459E-05 0.139896 9.99459E-05 9.99459E-05 0.0440638 0.815441 9.99459E-05 9.99459E-05 9.99459E-05
9.9937E-05 0.0122352 9.9937E-05 9.9937E-05 9.9937E-05 9.9937E-05 9.9937E-05 9.9937E-05 0.987065
9.99369E-05 0.145739 9.99369E-05 9.99369E-05 9.99369E-05 0.853561 9.99369E-05 9.99369E-05 9.99369E-05
0.00494668 0.0176933 9.9982E-05 9.9982E-05 0.0115937 0.825865 0.0485347 0.0595013 0.0316649
0.00162339 0.121081 9.9982E-05 0.818559 0.00729394 9.9982E-05 0.00354112 0.0102386 0.037463
0.00753844 9.9955E-05 9.9955E-05 9.9955E-05 0.304933 9.9955E-05 0.37864 0.308389 9.9955E-05
9.996E-05 9.996E-05 0.0156228 9.996E-05 0.24985 0.019689 9.996E-05 0.680565 0.0338741
9.9946E-05 9.9946E-05 9.9946E-05 9.9946E-05 0.941187 9.9946E-05 9.9946E-05 0.040265 0.0179482
9.993E-05 9.993E-05 0.999201 9.993E-05 9.993E-05 9.993E-05 9.993E-05 9.993E-05 9.993E-05
9.9937E-05 0.00812897 9.9937E-05 9.9937E-05 9.9937E-05 9.9937E-05 9.9937E-05 0.991171 9.9937E-05
9.9937E-05 9.9937E-05 0.0142586 9.9937E-05 0.985042 9.9937E-05 9.9937E-05 9.9937E-05 9.9937E-05
9.9937E-05 9.9937E-05 9.9937E-05 9.9937E-05 9.9937E-05 9.9937E-05 0.99415 9.9937E-05 0.00515026
0.00177371 9.9964E-05 9.9964E-05 0.026396 9.9964E-05 0.010102 0.9543 0.00702893 9.9964E-05
0.0014528 9.9964E-05 0.00222989 0.0174019 9.9964E-05 9.9964E-05 0.96965 0.00886526 9.9964E-05
9.9955E-05 0.000702778 0.0318176 9.9955E-05 9.9955E-05 9.9955E-05 0.961744 9.9955E-05 0.00523542
9.9946E-05 0.0309054 9.9946E-05 9.9946E-05 0.061846 9.9946E-05 0.906649 9.9946E-05 9.9946E-05
9.993E-05 9.993E-05 9.993E-05 9.993E-05 9.993E-05 9.993E-05 0.999201 9.993E-05 9.993E-05
