0.0111495 9.9991E-05 0.538854 0.449896
0.00745692 0.877351 0.0208659 0.0943265
0.0265443 0.973256 9.9982E-05 9.9982E-05
9.998E-05 9.998E-05 0.9997 9.998E-05
9.9982E-05 0.0543029 0.945497 9.9982E-05
9.998E-05 9.998E-05 0.9997 9.998E-05
0.0169616 9.9982E-05 0.982838 9.9982E-05
9.9982E-05 0.730919 9.9982E-05 0.268881
9.998E-05 0.9997 9.998E-05 9.998E-05
0.0677747 0.866449 9.9991E-05 0.0656759
0.984815 9.9982E-05 0.014985 9.9982E-05
0.9997 9.998E-05 9.998E-05 9.998E-05
9.9982E-05 0.986013 0.0137873 9.9982E-05
0.031328 0.947738 0.020834 9.9991E-05
9.9982E-05 0.91017 9.9982E-05 0.0896301
9.9982E-05 9.9982E-05 0.376159 0.623641
0.0921059 9.9991E-05 0.891629 0.0161656
9.9982E-05 9.9982E-05 0.396672 0.603128
9.9991E-05 0.0754786 0.862963 0.0614583
0.0280534 0.0431071 0.914912 0.0139271
9.9982E-05 9.9982E-05 0.948213 0.0515872
0.103564 0.0224923 0.848074 0.0258699
9.9991E-05 0.0762993 0.809417 0.114184
0.24603 0.562495 9.9991E-05 0.191375
0.639104 0.312178 0.048618 9.9991E-05
0.0404356 0.958833 0.000630994 9.9991E-05
0.0269704 0.877761 0.0527759 0.0424927
0.9997 9.998E-05 9.998E-05 9.998E-05
9.998E-05 0.9997 9.998E-05 9.998E-05
0.0223966 9.9982E-05 9.9982E-05 0.977403
0.0820163 9.9991E-05 0.00234292 0.915541
0.0771508 9.9982E-05 9.9982E-05 0.922649
0.0406086 9.9982E-05 9.9982E-05 0.959191
9.9982E-05 0.00776502 9.9982E-05 0.992035
0.0137871 9.9982E-05 9.9982E-05 0.986013
