9.9973E-05 0.543898 9.9973E-05 9.9973E-05 0.132367 0.0926789 0.230756
9.9955E-05 9.9955E-05 9.9955E-05 0.94574 9.9955E-05 0.0537599 9.9955E-05
0.9994 9.995E-05 9.995E-05 9.995E-05 9.995E-05 9.995E-05 9.995E-05
9.9955E-05 0.831794 0.167706 9.9955E-05 9.9955E-05 9.9955E-05 9.9955E-05
9.9955E-05 9.9955E-05 0.948476 9.9955E-05 9.9955E-05 0.0510242 9.9955E-05
9.995E-05 9.995E-05 0.9994 9.995E-05 9.995E-05 9.995E-05 9.995E-05
0.00177048 0.414198 0.583632 9.99639E-05 9.99639E-05 9.99639E-05 9.99639E-05
0.0263891 9.9982E-05 9.9982E-05 0.748731 0.0167844 0.0380084 0.169887
9.995E-05 9.995E-05 9.995E-05 0.9994 9.995E-05 9.995E-05 9.995E-05
0.499674 9.9982E-05 9.9982E-05 0.376122 0.0237681 0.00712908 0.0931074
0.810343 0.172909 9.9964E-05 9.9964E-05 0.0163478 9.9964E-05 9.9964E-05
9.9964E-05 0.0941084 0.035876 0.869616 9.9964E-05 9.9964E-05 9.9964E-05
0.942428 9.9955E-05 9.9955E-05 9.9955E-05 9.9955E-05 0.0570718 9.9955E-05
0.9994 9.995E-05 9.995E-05 9.995E-05 9.995E-05 9.995E-05 9.995E-05
9.9964E-05 9.9964E-05 9.9964E-05 0.960098 0.00470959 0.0347928 9.9964E-05
9.995E-05 9.995E-05 9.995E-05 9.995E-05 9.995E-05 0.9994 9.995E-05
9.9955E-05 0.982596 9.9955E-05 9.9955E-05 9.9955E-05 9.9955E-05 0.0169047
9.995E-05 9.995E-05 9.995E-05 9.995E-05 9.995E-05 0.9994 9.995E-05
9.9973E-05 0.817749 0.0389665 0.0229923 9.9973E-05 0.119992 9.9973E-05
9.9955E-05 0.973348 9.9955E-05 9.9955E-05 9.9955E-05 0.0261524 9.9955E-05
9.996E-05 0.800621 0.0868661 9.996E-05 9.996E-05 0.112113 9.996E-05
0.0242569 0.808978 0.0928477 0.0383693 9.9982E-05 9.9982E-05 0.0353477
0.00262207 0.701836 0.0590471 0.0345232 0.0031223 0.19875 9.9991E-05
0.0839958 0.0108316 9.9973E-05 0.741735 9.9973E-05 9.9973E-05 0.163138
0.750274 0.0858437 0.0530887 0.0870894 0.0235044 9.9982E-05 9.9982E-05
0.9994 9.995E-05 9.995E-05 9.995E-05 9.995E-05 9.995E-05 9.995E-05
9.995E-05 9.995E-05 9.995E-05 9.995E-05 0.9994 9.995E-05 9.995E-05
0.830306 0.159162 0.0092941 9.9973E-05 0.000937806 9.9973E-05 9.9973E-05
0.921032 9.9973E-05 9.9973E-05 9.9973E-05 0.00840565 0.0298941 0.0403684
9.995E-05 9.995E-05 9.995E-05 9.995E-05 9.995E-05 9.995E-05 0.9994
9.9955E-05 9.9955E-05 0.0362173 9.9955E-05 9.9955E-05 9.9955E-05 0.963283
9.9955E-05 9.9955E-05 0.0177478 9.9955E-05 9.9955E-05 9.9955E-05 0.981752
9.9964E-05 0.00500598 9.9964E-05 9.9964E-05 0.031386 9.9964E-05 0.963208
0.00719615 9.99655E-05 9.99655E-05 9.99655E-05 9.99655E-05 0.0284247 0.963979
9.995E-05 9.995E-05 9.995E-05 9.995E-05 9.995E-05 9.995E-05 0.9994
