0.136282 0.205018 0.251484 9.9982E-05 0.407017 9.9982E-05
9.9973E-05 9.9973E-05 0.104597 0.836003 9.9973E-05 0.0590999
0.945984 0.0135558 9.9982E-05 0.032229 9.9982E-05 0.00803153
9.996E-05 9.996E-05 9.996E-05 9.996E-05 0.9995 9.996E-05
9.9982E-05 0.0172564 0.0317177 0.0386011 0.912225 9.9982E-05
9.996E-05 9.996E-05 9.996E-05 9.996E-05 0.9995 9.996E-05
0.0125111 9.9964E-05 9.9964E-05 9.9964E-05 0.987089 9.9964E-05
9.9973E-05 0.0732626 0.0381458 0.888292 9.9973E-05 9.9973E-05
9.996E-05 9.996E-05 9.996E-05 9.996E-05 9.996E-05 0.9995
0.0748503 0.0572666 9.9982E-05 0.80724 9.9982E-05 0.0604426
0.826675 9.9973E-05 9.9973E-05 9.9973E-05 0.138689 0.0343361
9.9964E-05 9.9964E-05 9.9964E-05 9.9964E-05 0.0619844 0.937616
9.9973E-05 9.9973E-05 0.0043321 0.993618 0.00174986 9.9973E-05
0.9995 9.996E-05 9.996E-05 9.996E-05 9.996E-05 9.996E-05
9.9982E-05 0.0179985 0.0702796 0.895048 9.9982E-05 0.0164744
9.996E-05 9.996E-05 0.9995 9.996E-05 9.996E-05 9.996E-05
9.9973E-05 0.102591 9.9973E-05 0.00572087 0.891389 9.9973E-05
9.996E-05 9.996E-05 0.9995 9.996E-05 9.996E-05 9.996E-05
9.9982E-05 9.9982E-05 0.198705 0.048544 0.744623 0.00792737
9.999E-05 0.0073515 0.117637 0.019151 0.844187 0.0115741
9.9964E-05 9.9964E-05 0.205648 9.9964E-05 0.793952 9.9964E-05
9.9991E-05 0.0479453 0.0438064 0.0634082 0.826221 0.0185192
0.0454579 9.9982E-05 0.291408 9.9982E-05 0.654028 0.00890666
9.9982E-05 0.200267 9.9982E-05 0.740036 0.0124926 0.0470049
0.158336 9.9982E-05 9.9982E-05 0.629153 0.146221 0.0660907
9.996E-05 9.996E-05 9.996E-05 0.9995 9.996E-05 9.996E-05
0.980343 9.9964E-05 0.0192567 9.9964E-05 9.9964E-05 9.9964E-05
0.159923 9.9982E-05 9.9982E-05 0.644875 0.176427 0.0185753
9.996E-05 9.996E-05 9.996E-05 0.9995 9.996E-05 9.996E-05
9.996E-05 0.9995 9.996E-05 9.996E-05 9.996E-05 9.996E-05
0.00165292 0.969968 9.9973E-05 9.9973E-05 0.0280787 9.9973E-05
9.9973E-05 0.974755 9.9973E-05 9.9973E-05 0.00831837 0.0166263
0.0586079 0.938202 0.00289038 9.9973E-05 9.9973E-05 9.9973E-05
9.9973E-05 0.934817 0.0272837 0.0375992 9.9973E-05 9.9973E-05
9.9964E-05 0.974543 9.9964E-05 9.9964E-05 9.9964E-05 0.0250568
