0.436541 0.378468 9.9982E-05 0.184791 9.9982E-05
9.9982E-05 9.9982E-05 0.0303175 0.140185 0.829297
9.997E-05 9.997E-05 9.997E-05 9.997E-05 0.9996
0.9996 9.997E-05 9.997E-05 9.997E-05 9.997E-05
0.91555 0.0465237 0.000920042 0.0343655 0.00264125
0.9996 9.997E-05 9.997E-05 9.997E-05 9.997E-05
0.990114 9.9973E-05 9.9973E-05 9.9973E-05 0.00958623
9.999E-05 0.273781 0.0102786 0.0674874 0.648353
9.9982E-05 9.9982E-05 0.0211624 0.016773 0.961865
9.999E-05 0.0873055 0.0232432 0.0137311 0.87562
0.177505 9.9973E-05 9.9973E-05 9.9973E-05 0.822195
0.121555 9.9973E-05 9.9973E-05 9.9973E-05 0.878145
9.9982E-05 0.00781152 9.9982E-05 0.0504795 0.941509
0.0228468 9.9973E-05 9.9973E-05 9.9973E-05 0.976853
9.999E-05 0.0818803 0.0115301 0.109251 0.797239
9.997E-05 9.997E-05 9.997E-05 0.9996 9.997E-05
0.888515 9.9982E-05 0.109324 0.00196061 9.9982E-05
9.997E-05 9.997E-05 9.997E-05 0.9996 9.997E-05
0.753053 9.9982E-05 9.9982E-05 0.205615 0.0411319
0.846713 9.9991E-05 0.0125438 0.125425 0.0152176
0.804033 9.9973E-05 9.9973E-05 0.195667 9.9973E-05
0.824453 9.9991E-05 0.0575447 0.050282 0.06762
0.665155 0.0102968 9.9991E-05 0.290092 0.0343563
0.00591918 9.9982E-05 0.546574 9.9982E-05 0.447307
0.148917 9.9973E-05 9.9973E-05 9.9973E-05 0.850783
9.9973E-05 0.0138223 9.9973E-05 9.9973E-05 0.985878
0.0463428 0.80869 9.9982E-05 9.9982E-05 0.144767
0.177127 9.9982E-05 0.0228622 9.9982E-05 0.79981
9.9982E-05 0.0897067 9.9982E-05 0.0121529 0.89794
9.997E-05 9.997E-05 0.9996 9.997E-05 9.997E-05
0.014264 0.962552 0.0229839 9.9982E-05 9.9982E-05
9.997E-05 0.9996 9.997E-05 9.997E-05 9.997E-05
9.9973E-05 0.997331 0.00236901 9.9973E-05 9.9973E-05
9.9982E-05 0.940097 0.050448 0.00925549 9.9982E-05
9.997E-05 9.997E-05 0.9996 9.997E-05 9.997E-05
