0.418435 9.9973E-05 0.00394314 0.216055 0.249275 9.9973E-05 9.9973E-05 0.111992
9.9955E-05 9.9955E-05 0.00618218 0.0842425 9.9955E-05 9.9955E-05 0.909076 9.9955E-05
9.9973E-05 0.00962157 0.093904 9.9973E-05 9.9973E-05 0.0853341 0.810509 0.000331366
0.9993 9.994E-05 9.994E-05 9.994E-05 9.994E-05 9.994E-05 9.994E-05 9.994E-05
0.912858 0.00522913 9.9973E-05 0.0184385 9.9973E-05 9.9973E-05 0.0428917 0.0202832
0.9993 9.994E-05 9.994E-05 9.994E-05 9.994E-05 9.994E-05 9.994E-05 9.994E-05
0.980093 9.9955E-05 0.0138838 9.9955E-05 9.9955E-05 0.0055236 9.9955E-05 9.9955E-05
9.9973E-05 0.0335152 9.9973E-05 0.0451093 0.0365185 9.9973E-05 0.877399 0.00715817
9.994E-05 9.994E-05 9.994E-05 9.994E-05 9.994E-05 9.994E-05 0.9993 9.994E-05
0.00386142 0.00565993 0.0408409 9.9991E-05 0.0730094 0.0888628 0.755809 0.0318567
9.994E-05 9.994E-05 0.9993 9.994E-05 9.994E-05 9.994E-05 9.994E-05 9.994E-05
0.0726961 9.9955E-05 0.152921 9.9955E-05 9.9955E-05 0.773883 9.9955E-05 9.9955E-05
9.994E-05 9.994E-05 9.994E-05 9.994E-05 9.994E-05 0.9993 9.994E-05 9.994E-05
9.994E-05 9.994E-05 9.994E-05 9.994E-05 9.994E-05 0.9993 9.994E-05 9.994E-05
9.9964E-05 0.0157095 9.9964E-05 0.0508656 9.9964E-05 0.00390062 0.929124 9.9964E-05
9.994E-05 9.994E-05 9.994E-05 0.9993 9.994E-05 9.994E-05 9.994E-05 9.994E-05
0.8709 9.99549E-05 0.0474686 9.99549E-05 0.081132 9.99549E-05 9.99549E-05 9.99549E-05
9.994E-05 9.994E-05 9.994E-05 0.9993 9.994E-05 9.994E-05 9.994E-05 9.994E-05
0.748013 0.0103009 9.9964E-05 0.191422 9.9964E-05 9.9964E-05 0.0498645 9.9964E-05
0.835941 9.9991E-05 0.0107312 0.117857 0.00641131 0.0124916 0.011912 0.00455534
0.805447 9.99459E-05 9.99459E-05 0.193953 9.99459E-05 9.99459E-05 9.99459E-05 9.99459E-05
0.806765 0.00101116 0.0727352 0.0458202 0.0496751 0.0073734 0.0165201 9.9991E-05
0.653366 0.00685736 0.0144431 0.284283 9.9991E-05 0.020574 0.0127088 0.00766832
9.996E-05 9.996E-05 0.249123 9.996E-05 0.385081 0.0131304 0.352266 9.996E-05
0.0263795 0.0214707 0.742243 9.9982E-05 9.9982E-05 0.0232826 0.179004 0.00742074
0.0058333 9.9955E-05 0.0436109 9.9955E-05 9.9955E-05 9.9955E-05 0.950056 9.9955E-05
9.994E-05 9.994E-05 9.994E-05 9.994E-05 9.994E-05 9.994E-05 9.994E-05 0.9993
9.994E-05 9.994E-05 0.9993 9.994E-05 9.994E-05 9.994E-05 9.994E-05 9.994E-05
9.9946E-05 9.9946E-05 9.9946E-05 9.9946E-05 9.9946E-05 9.9946E-05 0.992447 0.00695349
9.994E-05 9.994E-05 9.994E-05 9.994E-05 0.9993 9.994E-05 9.994E-05 9.994E-05
9.994E-05 0.9993 9.994E-05 9.994E-05 9.994E-05 9.994E-05 9.994E-05 9.994E-05
0.00377672 0.13327 0.0132553 0.00514415 0.770784 0.0426473 0.016838 0.014285
9.9955E-05 9.9955E-05 9.9955E-05 9.9955E-05 0.961139 0.012242 9.9955E-05 0.0261188
9.995E-05 9.995E-05 9.995E-05 0.0188668 0.95682 9.995E-05 0.0238136 9.995E-05
9.994E-05 9.994E-05 9.994E-05 9.994E-05 0.9993 9.994E-05 9.994E-05 9.994E-05
