9.994E-05 0.9993 9.994E-05 9.994E-05 9.994E-05 9.994E-05 9.994E-05 9.994E-05
0.107538 9.9964E-05 9.9964E-05 9.9964E-05 0.024356 0.856905 0.0108015 9.9964E-05
9.9946E-05 9.9946E-05 9.9946E-05 9.9946E-05 9.9946E-05 0.937941 9.9946E-05 0.0614594
9.9946E-05 0.00264454 0.996756 9.9946E-05 9.9946E-05 9.9946E-05 9.9946E-05 9.9946E-05
0.0213157 9.9973E-05 0.919024 0.013565 9.9973E-05 0.0433298 0.00246548 9.9973E-05
9.994E-05 9.994E-05 0.9993 9.994E-05 9.994E-05 9.994E-05 9.994E-05 9.994E-05
9.9955E-05 9.9955E-05 0.982678 9.9955E-05 0.0138301 0.00299165 9.9955E-05 9.9955E-05
0.0546736 9.9964E-05 9.9964E-05 0.0090583 9.9964E-05 0.827227 0.108641 9.9964E-05
9.9946E-05 9.9946E-05 9.9946E-05 9.9946E-05 0.0117198 0.98768 9.9946E-05 9.9946E-05
9.9973E-05 9.9973E-05 9.9973E-05 0.0138096 0.0314725 0.846456 0.0442052 0.0637566
9.9955E-05 9.9955E-05 0.0527908 9.9955E-05 0.0190216 9.9955E-05 9.9955E-05 0.927688
9.994E-05 9.994E-05 9.994E-05 9.994E-05 0.9993 9.994E-05 9.994E-05 9.994E-05
0.00566619 0.0285598 0.000747428 9.9964E-05 9.9964E-05 0.964627 9.9964E-05 9.9964E-05
9.9955E-05 9.9955E-05 0.0347733 9.9955E-05 9.9955E-05 0.956866 9.9955E-05 0.00786146
0.0664661 0.00116586 9.9973E-05 0.00694287 9.9973E-05 0.920283 0.00484205 9.9973E-05
0.9993 9.994E-05 9.994E-05 9.994E-05 9.994E-05 9.994E-05 9.994E-05 9.994E-05
9.9964E-05 9.9964E-05 0.878408 0.00254846 9.9964E-05 9.9964E-05 0.0921694 0.0264738
0.9993 9.994E-05 9.994E-05 9.994E-05 9.994E-05 9.994E-05 9.994E-05 9.994E-05
0.194733 9.9964E-05 0.753618 0.00768217 9.9964E-05 0.0435666 9.9964E-05 9.9964E-05
0.122385 9.9982E-05 0.842535 9.9982E-05 0.00431124 0.00873741 0.00878255 0.0130486
0.127807 0.155753 0.71594 9.99549E-05 9.99549E-05 9.99549E-05 9.99549E-05 9.99549E-05
0.0400369 0.011609 0.810903 0.00623017 0.0151008 0.0188444 0.0492689 0.0480067
0.288239 0.012094 0.64704 9.9973E-05 9.9973E-05 0.0249322 9.9973E-05 0.0273953
9.9964E-05 9.9964E-05 9.9964E-05 9.9964E-05 0.0170442 0.400843 0.417159 0.164553
9.9973E-05 9.9973E-05 0.0811598 0.0234448 0.0388018 0.280957 9.9973E-05 0.575337
9.9973E-05 9.9973E-05 0.0115938 0.0286231 0.00414927 0.92376 9.9973E-05 0.0315739
9.994E-05 9.994E-05 9.994E-05 9.994E-05 9.994E-05 9.994E-05 9.994E-05 0.9993
0.00281336 9.9955E-05 0.0389849 9.9955E-05 9.9955E-05 9.9955E-05 9.9955E-05 0.957702
9.9955E-05 0.00302077 9.9955E-05 0.00607247 9.9955E-05 0.990407 9.9955E-05 9.9955E-05
9.9946E-05 9.9946E-05 9.9946E-05 0.00283824 9.9946E-05 9.9946E-05 0.996562 9.9946E-05
0.00577768 9.9955E-05 0.0202459 9.9955E-05 9.9955E-05 9.9955E-05 0.973477 9.9955E-05
0.0202224 9.9973E-05 9.9973E-05 0.0179423 0.0101891 9.9973E-05 0.948719 0.00262718
9.9964E-05 0.101142 9.9964E-05 0.00804981 9.9964E-05 0.00843888 0.881969 9.9964E-05
9.994E-05 9.994E-05 9.994E-05 0.9993 9.994E-05 9.994E-05 9.994E-05 9.994E-05
9.994E-05 9.994E-05 9.994E-05 9.994E-05 9.994E-05 9.994E-05 0.9993 9.994E-05
