9.9964E-05 9.9964E-05 0.0939754 9.9964E-05 0.532167 9.9964E-05 0.29205 0.0814076
0.892198 9.9964E-05 0.0922964 0.0132778 9.9964E-05 0.00182813 9.9964E-05 9.9964E-05
0.955875 0.00750738 9.9955E-05 9.9955E-05 9.9955E-05 9.9955E-05 9.9955E-05 0.0361179
9.9946E-05 0.176278 9.9946E-05 9.9946E-05 0.823122 9.9946E-05 9.9946E-05 9.9946E-05
9.9955E-05 0.945419 0.0499687 9.9955E-05 9.9955E-05 0.00411238 9.9955E-05 9.9955E-05
9.994E-05 0.9993 9.994E-05 9.994E-05 9.994E-05 9.994E-05 9.994E-05 9.994E-05
9.99549E-05 0.605956 9.99549E-05 9.99549E-05 0.391167 9.99549E-05 9.99549E-05 0.00237697
0.843194 9.9973E-05 0.0419735 0.00342104 9.9973E-05 0.0695751 0.0415365 9.9973E-05
0.9993 9.994E-05 9.994E-05 9.994E-05 9.994E-05 9.994E-05 9.994E-05 9.994E-05
0.592416 9.9982E-05 0.000327934 0.244091 9.9982E-05 0.0668474 0.0158687 0.0802489
9.9946E-05 9.9946E-05 9.9946E-05 9.9946E-05 0.0592513 9.9946E-05 9.9946E-05 0.940149
9.9964E-05 0.0126036 9.9964E-05 0.836421 0.0989245 9.9964E-05 9.9964E-05 0.0516507
0.983612 0.00877488 0.000280466 9.9964E-05 0.00693299 9.9964E-05 9.9964E-05 9.9964E-05
0.96073 0.0298177 9.9955E-05 9.9955E-05 9.9955E-05 9.9955E-05 9.9955E-05 0.00895244
0.942842 9.9955E-05 0.0491992 9.9955E-05 9.9955E-05 0.00745917 9.9955E-05 9.9955E-05
9.9946E-05 9.9946E-05 0.998696 0.000704068 9.9946E-05 9.9946E-05 9.9946E-05 9.9946E-05
9.9946E-05 9.9946E-05 9.9946E-05 9.9946E-05 0.978885 9.9946E-05 0.0205156 9.9946E-05
9.994E-05 9.994E-05 0.9993 9.994E-05 9.994E-05 9.994E-05 9.994E-05 9.994E-05
0.0325364 0.0403506 0.107173 9.9964E-05 0.81954 9.9964E-05 9.9964E-05 9.9964E-05
9.9946E-05 9.9946E-05 0.0149686 9.9946E-05 0.984432 9.9946E-05 9.9946E-05 9.9946E-05
9.9955E-05 0.0885664 0.0993084 9.9955E-05 0.811625 9.9955E-05 9.9955E-05 9.9955E-05
0.0211929 0.105134 9.9991E-05 0.00731531 0.790483 0.0100088 0.0225474 0.0432188
0.0371012 0.041732 0.180597 9.9982E-05 0.726298 0.010879 9.9982E-05 0.00319281
0.461413 9.9964E-05 9.9964E-05 0.0198968 9.9964E-05 9.9964E-05 0.378217 0.140073
0.165563 0.040493 9.9982E-05 0.0903126 0.0333837 0.00467288 9.9982E-05 0.665375
9.994E-05 9.994E-05 9.994E-05 0.9993 9.994E-05 9.994E-05 9.994E-05 9.994E-05
9.994E-05 9.994E-05 9.994E-05 9.994E-05 9.994E-05 9.994E-05 9.994E-05 0.9993
9.9964E-05 0.00922183 0.00372813 9.9964E-05 0.0263719 9.9964E-05 9.9964E-05 0.960278
9.994E-05 9.994E-05 9.994E-05 0.9993 9.994E-05 9.994E-05 9.994E-05 9.994E-05
9.994E-05 9.994E-05 9.994E-05 9.994E-05 9.994E-05 9.994E-05 0.9993 9.994E-05
9.9964E-05 0.0199146 0.0052422 9.9964E-05 9.9964E-05 0.0217789 0.952664 9.9964E-05
9.997E-05 0.0196063 9.997E-05 0.0038262 9.997E-05 0.863708 0.0811544 0.0314057
9.994E-05 9.994E-05 9.994E-05 9.994E-05 9.994E-05 9.994E-05 0.9993 9.994E-05
9.9946E-05 9.9946E-05 0.00039173 9.9946E-05 9.9946E-05 0.999009 9.9946E-05 9.9946E-05
9.994E-05 9.994E-05 9.994E-05 9.994E-05 9.994E-05 0.9993 9.994E-05 9.994E-05
