9.9964E-05 0.066022 0.419328 9.9964E-05 9.9964E-05 0.305182 0.20802 0.00104724 9.9964E-05
9.9937E-05 9.9937E-05 9.9937E-05 0.983706 9.9937E-05 9.9937E-05 0.0155942 9.9937E-05 9.9937E-05
0.0585177 0.0222242 9.9955E-05 9.9955E-05 0.917816 9.9955E-05 9.9955E-05 0.000942256 9.9955E-05
0.00152121 9.9937E-05 0.997779 9.9937E-05 9.9937E-05 9.9937E-05 9.9937E-05 9.9937E-05 9.9937E-05
9.9964E-05 9.9964E-05 0.918217 9.9964E-05 0.0368642 0.0101554 0.0182914 9.9964E-05 0.0160725
9.993E-05 9.993E-05 0.999201 9.993E-05 9.993E-05 9.993E-05 9.993E-05 9.993E-05 9.993E-05
0.00794907 0.0109042 0.980547 9.9946E-05 9.9946E-05 9.9946E-05 9.9946E-05 9.9946E-05 9.9946E-05
9.993E-05 9.993E-05 9.993E-05 9.993E-05 9.993E-05 9.993E-05 9.993E-05 9.993E-05 0.999201
9.993E-05 9.993E-05 9.993E-05 0.999201 9.993E-05 9.993E-05 9.993E-05 9.993E-05 9.993E-05
0.0115992 0.120025 9.9991E-05 0.0880388 0.561949 0.123588 0.0018022 0.0455082 0.0473897
0.0169114 0.96361 0.0188791 9.9946E-05 9.9946E-05 9.9946E-05 9.9946E-05 9.9946E-05 9.9946E-05
9.9937E-05 0.975813 9.9937E-05 0.0234877 9.9937E-05 9.9937E-05 9.9937E-05 9.9937E-05 9.9937E-05
9.9937E-05 9.9937E-05 9.9937E-05 9.9937E-05 0.979878 9.9937E-05 0.0194226 9.9937E-05 9.9937E-05
0.999201 9.993E-05 9.993E-05 9.993E-05 9.993E-05 9.993E-05 9.993E-05 9.993E-05 9.993E-05
0.0304579 9.9982E-05 9.9982E-05 0.471026 0.228336 0.153389 0.0617883 0.00988223 0.0449205
9.993E-05 9.993E-05 9.993E-05 9.993E-05 9.993E-05 9.993E-05 0.999201 9.993E-05 9.993E-05
9.99459E-05 0.0299658 0.876125 9.99459E-05 9.99459E-05 9.99459E-05 9.99459E-05 0.0933099 9.99459E-05
9.993E-05 9.993E-05 9.993E-05 9.993E-05 9.993E-05 9.993E-05 0.999201 9.993E-05 9.993E-05
9.9964E-05 9.9964E-05 0.75331 0.035214 0.0139928 9.9964E-05 0.185246 9.9964E-05 0.0118376
0.000729469 0.021823 0.831315 0.0160266 0.00287814 0.00512065 0.119622 0.00238519 9.9991E-05
9.99369E-05 9.99369E-05 0.805024 9.99369E-05 9.99369E-05 9.99369E-05 0.194277 9.99369E-05 9.99369E-05
0.00269365 0.0731585 0.802 0.00890814 9.9982E-05 9.9982E-05 0.0507307 0.0613657 0.000942987
0.0144458 0.00925955 0.661954 0.0219296 9.9982E-05 0.00184751 0.272169 9.9982E-05 0.0181944
9.9964E-05 0.0703427 9.9964E-05 0.0321425 0.00324679 9.9964E-05 9.9964E-05 0.89335 0.000518297
9.99639E-05 0.674357 0.0501189 0.0330533 0.235272 9.99639E-05 9.99639E-05 0.00679847 9.99639E-05
9.993E-05 9.993E-05 9.993E-05 9.993E-05 0.999201 9.993E-05 9.993E-05 9.993E-05 9.993E-05
9.9946E-05 0.618563 9.9946E-05 9.9946E-05 9.9946E-05 0.371115 9.9946E-05 9.9946E-05 0.00972198
9.9955E-05 0.977258 0.00326596 9.9955E-05 9.9955E-05 9.9955E-05 0.00331686 0.0156596 9.9955E-05
9.993E-05 9.993E-05 9.993E-05 9.993E-05 0.999201 9.993E-05 9.993E-05 9.993E-05 9.993E-05
9.993E-05 9.993E-05 9.993E-05 9.993E-05 9.993E-05 9.993E-05 9.993E-05 0.999201 9.993E-05
0.00198567 9.9955E-05 0.0233981 9.9955E-05 9.9955E-05 0.971721 9.9955E-05 9.9955E-05 0.00239513
9.993E-05 9.993E-05 9.993E-05 9.993E-05 9.993E-05 0.999201 9.993E-05 9.993E-05 9.993E-05
9.993E-05 9.993E-05 9.993E-05 9.993E-05 9.993E-05 0.989262 9.993E-05 0.0100387 9.993E-05
9.9955E-05 9.9955E-05 9.9955E-05 0.00159985 0.0403447 0.944393 0.0131628 9.9955E-05 9.9955E-05
9.9946E-05 9.9946E-05 9.9946E-05 0.00131622 9.9946E-05 0.976652 9.9946E-05 0.0214322 9.9946E-05
