0.651488 9.9973E-05 0.158864 9.9973E-05 0.189348 9.9973E-05
9.9973E-05 0.0082393 9.9973E-05 0.0714753 9.9973E-05 0.919986
9.998E-05 9.998E-05 0.0368369 0.726986 0.0296333 0.206344
0.635223 0.364377 9.9964E-05 9.9964E-05 9.9964E-05 9.9964E-05
9.9964E-05 0.941037 9.9964E-05 9.9964E-05 9.9964E-05 0.0585634
9.996E-05 0.9995 9.996E-05 9.996E-05 9.996E-05 9.996E-05
0.169141 0.801498 9.99729E-05 0.0290603 9.99729E-05 9.99729E-05
9.9982E-05 9.9982E-05 0.0485935 0.0524872 0.0383025 0.860417
9.9964E-05 9.9964E-05 9.9964E-05 0.0778458 9.9964E-05 0.921754
9.998E-05 9.998E-05 0.0120306 0.283897 0.364479 0.339394
0.0737243 0.00436779 9.9973E-05 0.921608 9.9973E-05 9.9973E-05
0.0359068 9.9964E-05 9.9964E-05 0.963693 9.9964E-05 9.9964E-05
9.9982E-05 9.9982E-05 0.0884794 0.599572 0.00323781 0.308511
9.9973E-05 9.9973E-05 0.0316123 0.893301 9.9973E-05 0.0747865
9.996E-05 9.996E-05 9.996E-05 9.996E-05 9.996E-05 0.9995
0.473712 9.99639E-05 9.99639E-05 9.99639E-05 9.99639E-05 0.525888
0.914014 0.0687931 9.9973E-05 0.0168928 9.9973E-05 9.9973E-05
0.504245 9.9964E-05 9.9964E-05 9.9964E-05 9.9964E-05 0.495355
0.713688 0.211611 9.9982E-05 0.00452163 9.9982E-05 0.0699789
0.9995 9.996E-05 9.996E-05 9.996E-05 9.996E-05 9.996E-05
0.831862 0.167738 9.9964E-05 9.9964E-05 9.9964E-05 9.9964E-05
0.578597 0.313576 9.998E-05 0.0794182 0.028209 9.998E-05
0.91872 0.00578104 0.00706806 0.0202322 9.9991E-05 0.0480987
9.9982E-05 9.9982E-05 0.00251503 0.158952 0.827754 0.0105787
0.0103356 0.05984 9.9991E-05 0.844818 0.065443 0.0194633
9.9964E-05 9.9964E-05 9.9964E-05 0.000637254 0.998963 9.9964E-05
9.996E-05 0.0364877 9.996E-05 9.996E-05 0.963112 9.996E-05
0.0603507 0.0196119 9.9973E-05 0.919738 9.9973E-05 9.9973E-05
9.996E-05 9.996E-05 9.996E-05 9.996E-05 0.9995 9.996E-05
9.9964E-05 9.9964E-05 0.319663 9.9964E-05 0.679937 9.9964E-05
9.9964E-05 0.0176477 0.981952 9.9964E-05 9.9964E-05 9.9964E-05
9.996E-05 9.996E-05 0.9995 9.996E-05 9.996E-05 9.996E-05
0.0102858 9.9991E-05 0.810506 0.000672024 0.145407 0.0330284
9.9973E-05 9.9973E-05 0.232325 9.9973E-05 0.0255827 0.741792
9.996E-05 9.996E-05 0.9995 9.996E-05 9.996E-05 9.996E-05
