9.9973E-05 9.9973E-05 0.218634 9.9973E-05 0.0471197 0.429181 0.304765
0.887236 9.9973E-05 0.0879556 0.0233007 9.9973E-05 9.9973E-05 0.00120786
0.976076 9.9964E-05 9.9964E-05 0.023368 9.9964E-05 0.00015585 9.9964E-05
9.995E-05 9.995E-05 9.995E-05 9.995E-05 9.995E-05 0.9994 9.995E-05
0.0133616 0.0107909 0.0183127 9.9982E-05 0.0446939 0.912641 9.9982E-05
9.995E-05 9.995E-05 9.995E-05 9.995E-05 9.995E-05 0.9994 9.995E-05
9.9955E-05 9.9955E-05 9.9955E-05 0.0200933 9.9955E-05 0.979407 9.9955E-05
0.804076 0.0558032 0.0487719 9.9982E-05 0.0421491 9.9982E-05 0.0489994
0.9994 9.995E-05 9.995E-05 9.995E-05 9.995E-05 9.995E-05 9.995E-05
0.614264 0.0248504 9.9982E-05 0.0958285 0.202917 9.9982E-05 0.0619403
9.9964E-05 9.9964E-05 9.9964E-05 0.96635 0.00694726 0.026303 9.9964E-05
9.995E-05 9.995E-05 9.995E-05 0.9994 9.995E-05 9.995E-05 9.995E-05
0.983452 9.9955E-05 9.9955E-05 9.9955E-05 9.9955E-05 0.0160486 9.9955E-05
0.968692 9.9955E-05 9.9955E-05 9.9955E-05 9.9955E-05 0.030808 9.9955E-05
0.953322 0.00274463 0.0435335 9.9964E-05 9.9964E-05 9.9964E-05 9.9964E-05
9.995E-05 9.995E-05 0.9994 9.995E-05 9.995E-05 9.995E-05 9.995E-05
9.9964E-05 9.9964E-05 9.9964E-05 0.0441216 9.9964E-05 0.874922 0.0805567
9.995E-05 9.995E-05 0.9994 9.995E-05 9.995E-05 9.995E-05 9.995E-05
0.0464635 0.00180568 0.199963 0.00169983 9.9982E-05 0.749868 9.9982E-05
0.00829945 9.9991E-05 0.120987 0.0164364 0.0167627 0.836987 0.000427937
9.9955E-05 9.9955E-05 0.193724 9.9955E-05 9.9955E-05 0.805776 9.9955E-05
0.0168208 9.9982E-05 0.0442279 0.0829041 9.9982E-05 0.808756 0.0470908
0.0413516 0.0160083 0.27344 0.00776332 9.9982E-05 0.661237 9.9982E-05
0.362654 9.9964E-05 9.9964E-05 0.256094 9.9964E-05 9.9964E-05 0.380853
0.1688 0.0209618 9.9982E-05 0.704219 0.0636316 0.0421875 9.9982E-05
0.00358058 0.000269029 9.9973E-05 0.0384042 0.957446 9.9973E-05 9.9973E-05
9.9955E-05 9.9955E-05 9.9955E-05 9.9955E-05 0.973846 0.0256543 9.9955E-05
9.9955E-05 9.9955E-05 0.00493002 0.99457 9.9955E-05 9.9955E-05 9.9955E-05
9.995E-05 9.995E-05 9.995E-05 9.995E-05 0.9994 9.995E-05 9.995E-05
9.995E-05 9.995E-05 9.995E-05 9.995E-05 9.995E-05 9.995E-05 0.9994
9.995E-05 0.9994 9.995E-05 9.995E-05 9.995E-05 9.995E-05 9.995E-05
9.9964E-05 0.960219 9.9964E-05 9.9964E-05 0.016313 9.9964E-05 0.0230677
9.9964E-05 0.0188818 9.9964E-05 9.9964E-05 0.0128148 9.9964E-05 0.967904
9.9964E-05 9.9964E-05 0.0192704 9.9964E-05 0.0440132 9.9964E-05 0.936317
9.9955E-05 0.00844772 9.9955E-05 9.9955E-05 9.9955E-05 9.9955E-05 0.991053
