0.263901 9.9973E-05 0.558046 9.9973E-05 9.9973E-05 0.0830885 0.0946647
9.9964E-05 0.0212679 9.9964E-05 9.9964E-05 0.8852 0.0931324 9.9964E-05
9.9964E-05 0.026022 9.9964E-05 0.0100904 0.963488 9.9964E-05 9.9964E-05
9.995E-05 9.995E-05 0.816906 0.182594 9.995E-05 9.995E-05 9.995E-05
9.9964E-05 9.9964E-05 9.9964E-05 0.948749 9.9964E-05 0.0473005 0.00355062
9.995E-05 9.995E-05 9.995E-05 0.9994 9.995E-05 9.995E-05 9.995E-05
9.99639E-05 0.0140967 0.400779 0.584724 9.99639E-05 9.99639E-05 9.99639E-05
0.0845475 9.9973E-05 9.9973E-05 9.9973E-05 0.841408 0.04376 0.0299848
9.995E-05 9.995E-05 9.995E-05 9.995E-05 0.9994 9.995E-05 9.995E-05
0.0789795 0.0834797 9.9973E-05 9.9973E-05 0.613386 9.9973E-05 0.223855
9.9955E-05 0.976874 0.0226259 9.9955E-05 9.9955E-05 9.9955E-05 9.9955E-05
9.995E-05 0.9994 9.995E-05 9.995E-05 9.995E-05 9.995E-05 9.995E-05
9.9964E-05 9.9964E-05 0.0107932 0.0111359 0.977671 9.9964E-05 9.9964E-05
9.9964E-05 0.00108153 9.9964E-05 0.0326232 0.965895 9.9964E-05 9.9964E-05
9.9955E-05 9.9955E-05 9.9955E-05 9.9955E-05 0.952273 0.0472276 9.9955E-05
9.995E-05 9.995E-05 9.995E-05 9.995E-05 9.995E-05 0.9994 9.995E-05
0.00517439 0.0127222 0.981704 9.9964E-05 9.9964E-05 9.9964E-05 9.9964E-05
9.995E-05 9.995E-05 9.995E-05 9.995E-05 9.995E-05 0.9994 9.995E-05
9.9973E-05 9.9973E-05 0.82719 0.0369881 0.03502 0.100502 9.9973E-05
9.9955E-05 9.9955E-05 0.987638 9.9955E-05 9.9955E-05 0.0118621 9.9955E-05
9.9964E-05 9.9964E-05 0.813619 0.0839401 9.9964E-05 0.102041 9.9964E-05
0.0246582 0.0792366 0.78533 0.102367 0.00820851 9.9982E-05 9.9982E-05
9.9973E-05 9.9973E-05 0.707071 0.0592581 0.0464798 0.186891 9.9973E-05
0.287706 0.223058 9.9964E-05 9.9964E-05 0.488837 9.9964E-05 9.9964E-05
0.00863389 0.709752 0.0100923 0.032706 0.166939 9.9991E-05 0.0717769
9.9955E-05 0.0306102 9.9955E-05 9.9955E-05 9.9955E-05 9.9955E-05 0.96889
9.9955E-05 9.9955E-05 9.9955E-05 0.0262318 9.9955E-05 9.9955E-05 0.973268
9.9955E-05 0.987601 9.9955E-05 9.9955E-05 9.9955E-05 0.0118994 9.9955E-05
9.995E-05 9.995E-05 9.995E-05 9.995E-05 9.995E-05 9.995E-05 0.9994
0.9994 9.995E-05 9.995E-05 9.995E-05 9.995E-05 9.995E-05 9.995E-05
0.965398 9.9955E-05 9.9955E-05 0.0341027 9.9955E-05 9.9955E-05 9.9955E-05
0.964928 0.0145356 9.9973E-05 0.0188417 9.9973E-05 9.9973E-05 0.00139449
0.956748 9.9964E-05 0.000682058 9.9964E-05 9.9964E-05 9.9964E-05 0.0421698
0.919281 9.9964E-05 9.9964E-05 9.9964E-05 9.9964E-05 0.034965 0.0453537
0.9994 9.995E-05 9.995E-05 9.995E-05 9.995E-05 9.995E-05 9.995E-05
