0.192581 0.345281 0.00559473 0.439543 0.0168998 9.9991E-05
0.102201 0.013412 0.0205834 9.9982E-05 9.9982E-05 0.863604
9.9964E-05 9.9964E-05 0.0476746 9.9964E-05 9.9964E-05 0.951926
9.996E-05 9.996E-05 9.996E-05 0.9995 9.996E-05 9.996E-05
0.0104933 9.9982E-05 9.9982E-05 0.918546 0.0336177 0.0371435
9.996E-05 9.996E-05 9.996E-05 0.9995 9.996E-05 9.996E-05
9.9964E-05 9.9964E-05 0.0193861 0.980214 9.9964E-05 9.9964E-05
0.0423054 0.0569586 9.998E-05 9.998E-05 0.0579959 0.84254
9.996E-05 9.996E-05 9.996E-05 9.996E-05 9.996E-05 0.9995
9.9982E-05 0.0571494 0.0924254 9.9982E-05 0.0392971 0.810928
9.9964E-05 9.9964E-05 0.975302 0.0242985 9.9964E-05 9.9964E-05
9.996E-05 9.996E-05 0.9995 9.996E-05 9.996E-05 9.996E-05
0.003759 9.9973E-05 9.9973E-05 0.0176737 9.9973E-05 0.978267
9.997E-05 9.997E-05 0.015083 0.0353562 9.997E-05 0.949261
0.0631609 9.9964E-05 9.9964E-05 9.9964E-05 9.9964E-05 0.936439
0.9995 9.996E-05 9.996E-05 9.996E-05 9.996E-05 9.996E-05
9.997E-05 0.0793198 0.0434385 0.876942 9.997E-05 9.997E-05
0.9995 9.996E-05 9.996E-05 9.996E-05 9.996E-05 9.996E-05
0.189482 9.9982E-05 0.00347604 0.755959 9.9982E-05 0.0508838
0.118799 9.9991E-05 0.0228482 0.836062 0.00525663 0.016934
0.192621 9.9964E-05 9.9964E-05 0.806979 9.9964E-05 9.9964E-05
0.0451549 0.0492379 0.0898654 0.805129 9.999E-05 0.0105128
0.27443 9.9991E-05 0.00829183 0.662269 0.0225724 0.0323372
9.997E-05 0.44404 0.306263 9.997E-05 9.997E-05 0.249397
9.998E-05 9.998E-05 0.736186 0.0366274 0.0360194 0.190967
9.998E-05 9.998E-05 0.0737709 0.0072323 0.00524083 0.913556
9.9973E-05 9.9973E-05 0.0310243 0.0150614 0.953614 9.9973E-05
0.00579104 9.9964E-05 0.993809 9.9964E-05 9.9964E-05 9.9964E-05
9.9964E-05 9.9964E-05 9.9964E-05 9.9964E-05 0.00393012 0.99567
9.996E-05 0.9995 9.996E-05 9.996E-05 9.996E-05 9.996E-05
9.996E-05 9.996E-05 9.996E-05 9.996E-05 0.9995 9.996E-05
9.9964E-05 0.0633892 9.9964E-05 9.9964E-05 0.936211 9.9964E-05
9.9964E-05 0.958238 9.9964E-05 9.9964E-05 0.0413626 9.9964E-05
0.0319999 0.864418 9.9982E-05 9.9982E-05 0.000619018 0.102763
9.996E-05 0.9995 9.996E-05 9.996E-05 9.996E-05 9.996E-05
