9.9955E-05 0.244154 0.115905 0.235908 9.9955E-05 0.401053 0.00248135 9.9955E-05 9.9955E-05 9.9955E-05
0.953455 0.0457452 9.9928E-05 9.9928E-05 9.9928E-05 9.9928E-05 9.9928E-05 9.9928E-05 9.9928E-05 9.9928E-05
0.00465897 0.00426865 9.9973E-05 0.0140036 0.965453 9.9973E-05 9.9973E-05 0.00702801 0.000514521 0.00377299
9.9928E-05 9.9928E-05 9.9928E-05 9.9928E-05 9.9928E-05 0.90064 0.0985604 9.9928E-05 9.9928E-05 9.9928E-05
0.0162947 0.0195282 0.00316245 9.9982E-05 0.010752 0.90106 0.0131615 0.01672 0.0191206 9.9982E-05
9.99201E-05 9.99201E-05 9.99201E-05 9.99201E-05 9.99201E-05 0.999101 9.99201E-05 9.99201E-05 9.99201E-05 9.99201E-05
9.9937E-05 9.9937E-05 9.9937E-05 9.9937E-05 0.016287 0.976791 9.9937E-05 9.9937E-05 9.9937E-05 0.00622228
0.887477 0.0182948 9.9955E-05 0.0336895 9.9955E-05 9.9955E-05 9.9955E-05 0.0113638 0.0486754 9.9955E-05
0.999101 9.99201E-05 9.99201E-05 9.99201E-05 9.99201E-05 9.99201E-05 9.99201E-05 9.99201E-05 9.99201E-05 9.99201E-05
0.580038 9.9973E-05 0.0693785 0.0658126 0.0489304 9.9973E-05 9.9973E-05 0.143627 0.0272104 0.0647037
9.9937E-05 9.9937E-05 9.9937E-05 9.9937E-05 0.00509244 9.9937E-05 0.0230155 9.9937E-05 9.9937E-05 0.971192
0.0409854 9.9946E-05 0.850445 9.9946E-05 9.9946E-05 0.0442537 9.9946E-05 9.9946E-05 9.9946E-05 0.0637166
0.989566 9.9928E-05 9.9928E-05 9.9928E-05 9.9928E-05 0.00963496 9.9928E-05 9.9928E-05 9.9928E-05 9.9928E-05
9.99201E-05 9.99201E-05 9.99201E-05 9.99201E-05 0.999101 9.99201E-05 9.99201E-05 9.99201E-05 9.99201E-05 9.99201E-05
0.978446 0.0183522 9.9946E-05 9.9946E-05 0.0017806 9.9946E-05 9.9946E-05 9.9946E-05 0.00082157 9.9946E-05
9.99201E-05 0.999101 9.99201E-05 9.99201E-05 9.99201E-05 9.99201E-05 9.99201E-05 9.99201E-05 9.99201E-05 9.99201E-05
9.99459E-05 9.99459E-05 9.99459E-05 0.0833193 9.99459E-05 0.852125 0.0217495 9.99459E-05 9.99459E-05 0.0422063
9.99201E-05 0.999101 9.99201E-05 9.99201E-05 9.99201E-05 9.99201E-05 9.99201E-05 9.99201E-05 9.99201E-05 9.99201E-05
0.059417 0.195352 9.99459E-05 9.99459E-05 9.99459E-05 0.744104 9.99459E-05 9.99459E-05 0.000526972 9.99459E-05
0.0216833 0.112335 0.00191383 0.00482369 9.9982E-05 0.799535 0.0433996 0.00643366 9.9982E-05 0.00967613
9.99369E-05 0.193445 9.99369E-05 9.99369E-05 9.99369E-05 0.765644 0.0402106 9.99369E-05 9.99369E-05 9.99369E-05
0.026573 0.0586506 9.99549E-05 0.041692 9.99549E-05 0.803762 9.99549E-05 9.99549E-05 9.99549E-05 0.0688231
9.99201E-05 9.99201E-05 9.99201E-05 9.99201E-05 9.99201E-05 9.99201E-05 0.999101 9.99201E-05 9.99201E-05 9.99201E-05
0.380663 9.9955E-05 9.9955E-05 0.377041 0.00393358 9.9955E-05 9.9955E-05 0.00331163 9.9955E-05 0.234551
0.138239 9.9973E-05 0.0104562 9.9973E-05 0.0029802 0.0261571 9.9973E-05 0.0397205 0.0219319 0.760215
9.9928E-05 9.9928E-05 9.9928E-05 9.9928E-05 9.9928E-05 9.9928E-05 9.9928E-05 0.991929 9.9928E-05 0.00727174
9.99201E-05 9.99201E-05 0.999101 9.99201E-05 9.99201E-05 9.99201E-05 9.99201E-05 9.99201E-05 9.99201E-05 9.99201E-05
9.99201E-05 9.99201E-05 9.99201E-05 9.99201E-05 9.99201E-05 9.99201E-05 9.99201E-05 9.99201E-05 9.99201E-05 0.999101
9.99201E-05 9.99201E-05 9.99201E-05 9.99201E-05 9.99201E-05 9.99201E-05 9.99201E-05 0.999101 9.99201E-05 9.99201E-05
9.99201E-05 9.99201E-05 9.99201E-05 0.999101 9.99201E-05 9.99201E-05 9.99201E-05 9.99201E-05 9.99201E-05 9.99201E-05
9.99201E-05 9.99201E-05 9.99201E-05 9.99201E-05 9.99201E-05 9.99201E-05 9.99201E-05 9.99201E-05 0.999101 9.99201E-05
9.9946E-05 9.9946E-05 0.00471406 0.0270869 9.9946E-05 9.9946E-05 9.9946E-05 0.0109164 0.956683 9.9946E-05
9.99521E-05 0.002814 0.0446782 0.936426 9.99521E-05 9.99521E-05 9.99521E-05 9.99521E-05 0.0154819 9.99521E-05
9.9937E-05 0.0213385 9.9937E-05 0.928925 9.9937E-05 9.9937E-05 9.9937E-05 0.0490372 9.9937E-05 9.9937E-05
9.9928E-05 9.9928E-05 9.9928E-05 0.993534 9.9928E-05 9.9928E-05 9.9928E-05 9.9928E-05 0.00566635 9.9928E-05
