9.99201E-05 9.99201E-05 0.999101 9.99201E-05 9.99201E-05 9.99201E-05 9.99201E-05 9.99201E-05 9.99201E-05 9.99201E-05
9.9946E-05 9.9946E-05 0.00141082 9.9946E-05 9.9946E-05 9.9946E-05 0.0377358 0.013747 0.946507 9.9946E-05
0.0128093 0.963575 9.9946E-05 9.9946E-05 9.9946E-05 9.9946E-05 9.9946E-05 9.9946E-05 0.00801929 0.0149971
9.9928E-05 9.9928E-05 0.00353284 0.995668 9.9928E-05 9.9928E-05 9.9928E-05 9.9928E-05 9.9928E-05 9.9928E-05
0.0244718 0.00701493 9.9964E-05 0.909253 0.0218652 9.9964E-05 0.0243217 9.9964E-05 9.9964E-05 0.0126736
9.99201E-05 9.99201E-05 9.99201E-05 0.999101 9.99201E-05 9.99201E-05 9.99201E-05 9.99201E-05 9.99201E-05 9.99201E-05
9.9937E-05 0.0167939 9.9937E-05 0.973244 9.9937E-05 9.9937E-05 9.9937E-05 0.00926301 9.9937E-05 9.9937E-05
0.102669 9.9955E-05 9.9955E-05 9.9955E-05 9.9955E-05 0.00463523 0.0476443 9.9955E-05 0.00717966 0.837372
9.99201E-05 9.99201E-05 9.99201E-05 9.99201E-05 9.99201E-05 9.99201E-05 9.99201E-05 9.99201E-05 0.999101 9.99201E-05
0.0833487 0.0376158 9.9973E-05 9.9973E-05 0.0273526 0.0364674 9.9973E-05 0.0950609 0.159749 0.560106
9.9955E-05 0.0614751 0.00246093 0.0232599 0.0138645 9.9955E-05 9.9955E-05 0.89844 9.9955E-05 9.9955E-05
9.99201E-05 9.99201E-05 9.99201E-05 9.99201E-05 9.99201E-05 9.99201E-05 9.99201E-05 0.999101 9.99201E-05 9.99201E-05
9.9937E-05 9.9937E-05 0.0169421 9.9937E-05 9.9937E-05 9.9937E-05 0.00329919 9.9937E-05 9.9937E-05 0.979059
9.99201E-05 0.999101 9.99201E-05 9.99201E-05 9.99201E-05 9.99201E-05 9.99201E-05 9.99201E-05 9.99201E-05 9.99201E-05
0.00602899 0.00459701 0.00422203 9.9964E-05 0.00436521 9.9964E-05 0.014367 9.9964E-05 0.96602 9.9964E-05
9.99201E-05 9.99201E-05 9.99201E-05 9.99201E-05 9.99201E-05 9.99201E-05 0.999101 9.99201E-05 9.99201E-05 9.99201E-05
0.00493872 9.99459E-05 9.99459E-05 0.875281 9.99459E-05 0.0916495 9.99459E-05 0.0275313 9.99459E-05 9.99459E-05
9.99201E-05 9.99201E-05 9.99201E-05 9.99201E-05 9.99201E-05 9.99201E-05 0.999101 9.99201E-05 9.99201E-05 9.99201E-05
9.9946E-05 9.9946E-05 9.9946E-05 0.753109 9.9946E-05 9.9946E-05 0.187914 9.9946E-05 0.0348769 0.0235001
0.00277268 9.9973E-05 9.9973E-05 0.83823 0.0102966 9.9973E-05 0.119038 0.0111569 0.016089 0.00211703
9.99369E-05 9.99369E-05 0.155441 0.715916 9.99369E-05 9.99369E-05 0.127943 9.99369E-05 9.99369E-05 9.99369E-05
9.99729E-05 9.99729E-05 0.00849335 0.801394 9.99729E-05 0.0552527 0.0478252 0.075681 0.00946655 0.00158742
0.00748993 0.0063976 0.0124861 0.653965 0.00953401 9.9982E-05 0.275993 0.00602648 0.0279088 9.9982E-05
9.9946E-05 9.9946E-05 9.9946E-05 9.9946E-05 9.9946E-05 0.893793 9.9946E-05 0.0650704 0.0337365 0.00680075
0.0394158 0.000125402 9.9973E-05 0.0403188 0.0153927 9.9973E-05 9.9973E-05 0.709544 0.0580633 0.13684
9.9928E-05 9.9928E-05 9.9928E-05 9.9928E-05 9.9928E-05 9.9928E-05 9.9928E-05 0.000318884 9.9928E-05 0.998882
9.99201E-05 9.99201E-05 9.99201E-05 9.99201E-05 0.999101 9.99201E-05 9.99201E-05 9.99201E-05 9.99201E-05 9.99201E-05
9.9937E-05 9.9937E-05 9.9937E-05 9.9937E-05 9.9937E-05 0.00710525 0.00473605 0.987459 9.9937E-05 9.9937E-05
9.99201E-05 9.99201E-05 9.99201E-05 9.99201E-05 9.99201E-05 9.99201E-05 9.99201E-05 9.99201E-05 9.99201E-05 0.999101
9.99201E-05 9.99201E-05 9.99201E-05 9.99201E-05 9.99201E-05 0.999101 9.99201E-05 9.99201E-05 9.99201E-05 9.99201E-05
0.967641 9.9928E-05 9.9928E-05 0.0315596 9.9928E-05 9.9928E-05 9.9928E-05 9.9928E-05 9.9928E-05 9.9928E-05
0.99016 9.9928E-05 9.9928E-05 0.00904037 9.9928E-05 9.9928E-05 9.9928E-05 9.9928E-05 9.9928E-05 9.9928E-05
0.793619 0.012677 0.109562 9.9964E-05 0.0257459 0.041967 9.9964E-05 9.9964E-05 9.9964E-05 0.0160296
0.949655 9.994E-05 9.994E-05 9.994E-05 9.994E-05 9.994E-05 0.0329008 9.994E-05 0.00662249 0.0102217
0.989861 9.9928E-05 9.9928E-05 9.9928E-05 9.9928E-05 0.0093393 9.9928E-05 9.9928E-05 9.9928E-05 9.9928E-05
