0.31562 0.266168 0.418212
0.867457 0.132443 9.9991E-05
0.991892 9.9991E-05 0.00800776
9.999E-05 9.999E-05 0.9998
0.0481732 0.034851 0.916976
9.999E-05 9.999E-05 0.9998
0.00435512 9.9991E-05 0.995545
0.924761 0.0751388 9.9991E-05
0.984154 0.0157458 9.9991E-05
0.986203 0.00424242 0.00955445
0.795123 9.9991E-05 0.204777
0.848843 9.9991E-05 0.151057
0.945749 0.0452911 0.00895952
0.956795 9.9991E-05 0.0431051
0.909698 0.0902024 9.9991E-05
9.999E-05 0.9998 9.999E-05
0.105835 9.9991E-05 0.894065
9.999E-05 0.9998 9.999E-05
0.028914 0.217709 0.753377
0.0264327 0.12978 0.843788
9.9991E-05 0.200815 0.799085
0.118852 0.0560362 0.825112
0.0382556 0.304579 0.657165
0.977654 9.9991E-05 0.022246
0.830545 9.9991E-05 0.169355
0.982015 9.9991E-05 0.0178852
0.937492 9.9991E-05 0.0624084
0.808537 9.9991E-05 0.191363
0.981389 0.0185114 9.9991E-05
0.964824 0.0350765 9.9991E-05
0.926123 0.0583268 0.0155502
0.942363 0.0575367 9.9991E-05
0.946812 0.0530879 9.9991E-05
0.915647 0.0842534 9.9991E-05
0.965436 0.0344637 9.9991E-05
