9.9946E-05 9.9946E-05 9.9946E-05 0.435076 9.9946E-05 0.495153 0.0691719 9.9946E-05 9.9946E-05
0.0492318 9.9964E-05 0.0160756 9.9964E-05 0.00707565 9.9964E-05 0.125817 0.8014 9.9964E-05
0.0164413 9.9937E-05 9.9937E-05 9.9937E-05 9.9937E-05 9.9937E-05 9.9937E-05 0.982859 9.9937E-05
9.9937E-05 0.157993 9.9937E-05 9.9937E-05 9.9937E-05 0.841307 9.9937E-05 9.9937E-05 9.9937E-05
0.0053144 0.949727 9.99527E-05 9.99527E-05 9.99527E-05 9.99527E-05 0.0443589 9.99527E-05 9.99527E-05
9.993E-05 0.999201 9.993E-05 9.993E-05 9.993E-05 9.993E-05 9.993E-05 9.993E-05 9.993E-05
9.99459E-05 0.55221 9.99459E-05 9.99459E-05 9.99459E-05 0.445784 9.99459E-05 0.00140645 9.99459E-05
0.0838281 9.9982E-05 0.263266 0.148174 0.043213 9.9982E-05 0.0820613 0.285541 0.0937167
0.0907143 9.9946E-05 9.9946E-05 9.9946E-05 9.9946E-05 9.9946E-05 0.00717576 0.90151 9.9946E-05
0.0589379 9.9982E-05 0.0981025 0.128636 0.03944 9.9982E-05 0.0192255 0.612587 0.0428713
9.9937E-05 9.9937E-05 9.9937E-05 9.9937E-05 9.9937E-05 0.164145 9.9937E-05 0.835155 9.9937E-05
9.9946E-05 0.0267383 9.9946E-05 9.9946E-05 9.9946E-05 0.0777619 9.9946E-05 0.8949 9.9946E-05
9.993E-05 9.993E-05 0.999201 9.993E-05 9.993E-05 9.993E-05 9.993E-05 9.993E-05 9.993E-05
9.9937E-05 0.00123456 9.9937E-05 9.9937E-05 9.9937E-05 9.9937E-05 9.9937E-05 0.998066 9.9937E-05
0.0499195 9.9973E-05 0.0353742 0.0256605 9.9973E-05 9.9973E-05 0.101835 0.741482 0.0454283
9.993E-05 9.993E-05 9.993E-05 9.993E-05 9.993E-05 9.993E-05 0.999201 9.993E-05 9.993E-05
0.0319071 9.99448E-05 9.99448E-05 9.99448E-05 9.99448E-05 0.967393 9.99448E-05 9.99448E-05 9.99448E-05
9.993E-05 9.993E-05 9.993E-05 9.993E-05 9.993E-05 9.993E-05 0.999201 9.993E-05 9.993E-05
9.9973E-05 0.0141 0.00702526 9.9973E-05 9.9973E-05 0.839583 0.118641 0.0161293 0.00422115
9.9955E-05 9.9955E-05 0.00347635 9.9955E-05 0.00124294 0.967772 0.0270086 9.9955E-05 9.9955E-05
9.9946E-05 0.0645894 9.9946E-05 9.9946E-05 9.9946E-05 0.821694 0.113117 9.9946E-05 9.9946E-05
0.0410612 0.0767279 0.0130822 9.99639E-05 9.99639E-05 0.822392 9.99639E-05 0.0463363 9.99639E-05
9.9973E-05 0.0636759 0.00206934 9.9973E-05 9.9973E-05 0.681827 0.211468 0.0139292 0.0267307
0.0616415 9.9955E-05 0.931584 9.9955E-05 9.9955E-05 0.00221776 9.9955E-05 0.00405723 9.9955E-05
9.9982E-05 0.0519101 0.0890176 0.00377783 0.0410326 0.0872678 9.9982E-05 0.721937 0.00485705
9.993E-05 9.993E-05 9.993E-05 9.993E-05 0.999201 9.993E-05 9.993E-05 9.993E-05 9.993E-05
9.993E-05 9.993E-05 9.993E-05 0.999201 9.993E-05 9.993E-05 9.993E-05 9.993E-05 9.993E-05
9.9955E-05 0.0345462 9.9955E-05 9.9955E-05 0.00587291 0.130214 9.9955E-05 0.828867 9.9955E-05
9.99459E-05 9.99459E-05 9.99459E-05 0.798985 0.0746092 9.99459E-05 9.99459E-05 0.125806 9.99459E-05
0.956657 9.9946E-05 0.0352962 9.9946E-05 9.9946E-05 0.00744713 9.9946E-05 9.9946E-05 9.9946E-05
9.993E-05 9.993E-05 9.993E-05 9.993E-05 9.993E-05 9.993E-05 9.993E-05 9.993E-05 0.999201
9.9937E-05 9.9937E-05 9.9937E-05 9.9937E-05 0.00299401 9.9937E-05 9.9937E-05 9.9937E-05 0.996306
0.161654 9.99459E-05 9.99459E-05 0.759581 9.99459E-05 9.99459E-05 9.99459E-05 9.99459E-05 0.0781647
0.960366 9.9946E-05 9.9946E-05 9.9946E-05 0.0188192 9.9946E-05 0.0202147 9.9946E-05 9.9946E-05
0.999201 9.993E-05 9.993E-05 9.993E-05 9.993E-05 9.993E-05 9.993E-05 9.993E-05 9.993E-05
