0.4185 9.9937E-05 9.9937E-05 9.9937E-05 9.9937E-05 0.164799 9.9937E-05 9.9937E-05 9.9937E-05 0.416002
9.9964E-05 9.9964E-05 9.9964E-05 0.0494601 0.00228742 0.0559999 0.0452343 0.740864 0.105754 9.9964E-05
9.9928E-05 9.9928E-05 9.9928E-05 9.9928E-05 9.9928E-05 9.9928E-05 0.0136924 9.9928E-05 0.985508 9.9928E-05
9.9928E-05 0.710832 9.9928E-05 9.9928E-05 9.9928E-05 9.9928E-05 9.9928E-05 9.9928E-05 9.9928E-05 0.288368
9.9955E-05 9.9955E-05 0.00983847 9.9955E-05 0.00635305 0.00871601 9.9955E-05 0.0379661 9.9955E-05 0.936627
9.99201E-05 9.99201E-05 9.99201E-05 9.99201E-05 9.99201E-05 9.99201E-05 9.99201E-05 9.99201E-05 9.99201E-05 0.999101
9.99369E-05 9.99369E-05 9.99369E-05 0.00507648 9.99369E-05 9.99369E-05 9.99369E-05 9.99369E-05 0.00983104 0.984393
9.99201E-05 9.99201E-05 9.99201E-05 9.99201E-05 9.99201E-05 9.99201E-05 9.99201E-05 0.999101 9.99201E-05 9.99201E-05
9.99201E-05 9.99201E-05 9.99201E-05 9.99201E-05 9.99201E-05 9.99201E-05 0.999101 9.99201E-05 9.99201E-05 9.99201E-05
0.0647199 9.9973E-05 0.0492596 0.0343924 0.184252 9.9973E-05 0.0420794 0.30551 0.319486 9.9973E-05
9.9937E-05 0.140434 9.9937E-05 0.0257217 9.9937E-05 9.9937E-05 9.9937E-05 9.9937E-05 0.833145 9.9937E-05
9.99201E-05 9.99201E-05 9.99201E-05 0.999101 9.99201E-05 9.99201E-05 9.99201E-05 9.99201E-05 9.99201E-05 9.99201E-05
9.9946E-05 9.9946E-05 0.0108183 9.9946E-05 9.9946E-05 0.0430235 9.9946E-05 0.0231272 0.922431 9.9946E-05
9.99201E-05 9.99201E-05 9.99201E-05 9.99201E-05 9.99201E-05 9.99201E-05 9.99201E-05 9.99201E-05 0.999101 9.99201E-05
9.9928E-05 9.9928E-05 9.9928E-05 9.9928E-05 9.9928E-05 9.9928E-05 0.0029282 0.996272 9.9928E-05 9.9928E-05
9.99201E-05 9.99201E-05 9.99201E-05 9.99201E-05 9.99201E-05 0.999101 9.99201E-05 9.99201E-05 9.99201E-05 9.99201E-05
0.00667996 0.992521 9.9928E-05 9.9928E-05 9.9928E-05 9.9928E-05 9.9928E-05 9.9928E-05 9.9928E-05 9.9928E-05
9.99201E-05 9.99201E-05 9.99201E-05 9.99201E-05 9.99201E-05 0.999101 9.99201E-05 9.99201E-05 9.99201E-05 9.99201E-05
9.9964E-05 0.0212185 9.9964E-05 9.9964E-05 0.00603699 0.189255 0.00950928 0.0386031 9.9964E-05 0.734977
9.99201E-05 0.999101 9.99201E-05 9.99201E-05 9.99201E-05 9.99201E-05 9.99201E-05 9.99201E-05 9.99201E-05 9.99201E-05
9.993E-05 0.0677541 9.993E-05 9.993E-05 9.993E-05 0.190723 9.993E-05 9.993E-05 9.993E-05 0.740823
0.0372177 0.0516209 0.00384075 0.0186114 0.00571225 0.0466253 0.0116859 0.0253554 0.0269482 0.772382
9.9955E-05 0.801591 0.00541381 9.9955E-05 9.9955E-05 0.174365 0.00293198 0.015199 9.9955E-05 9.9955E-05
0.537163 9.9964E-05 9.9964E-05 0.0317806 0.0154645 9.9964E-05 0.0505635 0.0408131 0.323816 9.9964E-05
9.9982E-05 0.0244597 0.00496087 0.0381633 0.0381938 9.9982E-05 0.00673849 0.0043936 0.7988 0.0840899
9.99201E-05 9.99201E-05 9.99201E-05 9.99201E-05 0.999101 9.99201E-05 9.99201E-05 9.99201E-05 9.99201E-05 9.99201E-05
0.97372 9.9937E-05 9.9937E-05 9.9937E-05 0.0111268 9.9937E-05 9.9937E-05 9.9937E-05 9.9937E-05 0.0144541
9.9946E-05 0.0199691 9.9946E-05 0.0309853 9.9946E-05 9.9946E-05 9.9946E-05 9.9946E-05 0.841074 0.107372
9.99201E-05 9.99201E-05 9.99201E-05 9.99201E-05 0.999101 9.99201E-05 9.99201E-05 9.99201E-05 9.99201E-05 9.99201E-05
0.948528 9.9928E-05 0.0506728 9.9928E-05 9.9928E-05 9.9928E-05 9.9928E-05 9.9928E-05 9.9928E-05 9.9928E-05
9.9928E-05 9.9928E-05 0.986187 9.9928E-05 9.9928E-05 9.9928E-05 9.9928E-05 9.9928E-05 9.9928E-05 0.0130133
0.0132693 9.9955E-05 0.957264 0.00810088 0.0156232 0.00524288 9.9955E-05 9.9955E-05 9.9955E-05 9.9955E-05
0.996553 9.9928E-05 0.00264767 9.9928E-05 9.9928E-05 9.9928E-05 9.9928E-05 9.9928E-05 9.9928E-05 9.9928E-05
9.9928E-05 9.9928E-05 0.0177668 9.9928E-05 9.9928E-05 9.9928E-05 9.9928E-05 0.981434 9.9928E-05 9.9928E-05
9.9937E-05 9.9937E-05 0.988556 9.9937E-05 9.9937E-05 9.9937E-05 0.0103449 0.000399984 9.9937E-05 9.9937E-05
