9.9982E-05 0.0422025 0.423061 0.197737 9.9982E-05 0.329747 0.00705203
9.9955E-05 9.9955E-05 9.9955E-05 0.0945524 0.904948 9.9955E-05 9.9955E-05
0.00266094 0.953522 9.9973E-05 9.9973E-05 0.0267291 0.0167877 9.9973E-05
9.995E-05 9.995E-05 0.9994 9.995E-05 9.995E-05 9.995E-05 9.995E-05
0.0353525 9.9982E-05 0.912797 0.025928 0.0190354 9.9982E-05 0.00668664
9.995E-05 9.995E-05 0.9994 9.995E-05 9.995E-05 9.995E-05 9.995E-05
9.9955E-05 0.0162654 0.983235 9.9955E-05 9.9955E-05 9.9955E-05 9.9955E-05
0.11685 9.9982E-05 9.9982E-05 0.0482807 0.784181 0.0266218 0.023866
9.995E-05 9.995E-05 9.995E-05 9.995E-05 0.9994 9.995E-05 9.995E-05
0.0299332 0.110365 9.9982E-05 9.9982E-05 0.805998 0.0240489 0.0294555
9.9955E-05 0.88105 0.11845 9.9955E-05 9.9955E-05 9.9955E-05 9.9955E-05
9.9964E-05 0.0266643 0.131036 9.9964E-05 0.8419 9.9964E-05 9.9964E-05
9.995E-05 9.995E-05 9.995E-05 9.995E-05 9.995E-05 9.995E-05 0.9994
9.995E-05 0.9994 9.995E-05 9.995E-05 9.995E-05 9.995E-05 9.995E-05
0.00545225 9.9982E-05 9.9982E-05 0.0667626 0.907552 0.00942475 0.0106084
9.995E-05 9.995E-05 9.995E-05 0.9994 9.995E-05 9.995E-05 9.995E-05
9.9973E-05 0.00374355 0.88379 9.9973E-05 0.0191699 0.0929964 9.9973E-05
9.995E-05 9.995E-05 9.995E-05 0.9994 9.995E-05 9.995E-05 9.995E-05
0.00133512 9.9982E-05 0.749986 0.195426 0.0416117 9.9982E-05 0.0114406
9.997E-05 9.997E-05 0.845873 0.114242 0.0319488 9.997E-05 0.00763629
9.9955E-05 9.9955E-05 0.807055 0.192445 9.9955E-05 9.9955E-05 9.9955E-05
0.00140383 0.0418299 0.818755 0.0441926 0.0544402 0.0392781 9.9991E-05
0.0251413 0.0318386 0.654033 0.288687 9.997E-05 9.997E-05 9.997E-05
9.9973E-05 0.0428644 0.0105981 9.9973E-05 0.720667 0.225571 9.9973E-05
9.9973E-05 0.476199 0.124784 9.9973E-05 0.355042 9.9973E-05 0.0436753
9.9955E-05 9.9955E-05 0.0041995 9.9955E-05 0.995301 9.9955E-05 9.9955E-05
9.9964E-05 0.973718 9.9964E-05 0.0204754 9.9964E-05 0.00540707 9.9964E-05
9.9955E-05 0.882659 0.116841 9.9955E-05 9.9955E-05 9.9955E-05 9.9955E-05
9.995E-05 9.995E-05 9.995E-05 9.995E-05 0.9994 9.995E-05 9.995E-05
9.995E-05 9.995E-05 9.995E-05 9.995E-05 9.995E-05 0.9994 9.995E-05
0.991962 9.9955E-05 0.00753843 9.9955E-05 9.9955E-05 9.9955E-05 9.9955E-05
0.959318 0.0109701 0.000801414 0.000664359 9.9982E-05 0.0280465 9.9982E-05
9.9955E-05 9.9955E-05 9.9955E-05 9.9955E-05 9.9955E-05 0.990702 0.0087985
9.995E-05 9.995E-05 9.995E-05 9.995E-05 9.995E-05 0.9994 9.995E-05
0.982723 9.9964E-05 9.9964E-05 9.9964E-05 9.9964E-05 0.0162119 0.000665122
