9.9991E-05 0.426555 0.240981 0.332364
0.836696 9.9991E-05 0.141408 0.0217957
0.9997 9.998E-05 9.998E-05 9.998E-05
9.998E-05 0.9997 9.998E-05 9.998E-05
0.0240163 0.918142 0.0321692 0.0256728
9.998E-05 0.9997 9.998E-05 9.998E-05
0.00447236 0.995328 9.9982E-05 9.9982E-05
0.680297 9.9991E-05 0.0737168 0.245886
0.960637 9.9991E-05 0.0263022 0.0129609
0.916682 9.9991E-05 0.0143078 0.0689103
0.821263 0.178537 9.9982E-05 9.9982E-05
0.873943 0.125857 9.9982E-05 9.9982E-05
0.946259 9.9982E-05 0.053541 9.9982E-05
0.976826 0.0229741 9.9982E-05 9.9982E-05
0.807496 9.9991E-05 0.10652 0.0858843
9.998E-05 9.998E-05 0.9997 9.998E-05
0.0136397 0.892012 9.9991E-05 0.0942485
9.998E-05 9.998E-05 0.9997 9.998E-05
0.0368678 0.750867 0.212165 9.9991E-05
0.0266932 0.842589 0.129939 0.000778068
9.9982E-05 0.79463 0.20517 9.9982E-05
0.0677835 0.827146 0.0498632 0.0552075
0.0407044 0.658367 0.297699 0.00322955
0.766511 0.00926433 9.9991E-05 0.224124
0.852996 0.146804 9.9982E-05 9.9982E-05
0.9997 9.998E-05 9.998E-05 9.998E-05
0.758482 0.0524331 0.00646628 0.182619
0.822017 0.177783 9.9982E-05 9.9982E-05
0.963005 9.9991E-05 0.0199545 0.0169407
9.998E-05 9.998E-05 9.998E-05 0.9997
9.9982E-05 0.0305081 9.9982E-05 0.969292
9.9982E-05 0.00834319 9.9982E-05 0.991457
9.998E-05 9.998E-05 9.998E-05 0.9997
9.9982E-05 9.9982E-05 0.0276734 0.972127
9.998E-05 9.998E-05 9.998E-05 0.9997
