9.9982E-05 0.193131 9.9982E-05 0.413459 0.39321
0.841662 0.134565 0.0116921 9.9991E-05 0.0119816
0.997773 9.9973E-05 0.00192677 9.9973E-05 9.9973E-05
9.997E-05 9.997E-05 9.997E-05 0.9996 9.997E-05
0.00620533 0.0297887 0.0475399 0.916366 9.9991E-05
9.997E-05 9.997E-05 9.997E-05 0.9996 9.997E-05
0.00570438 9.9973E-05 9.9973E-05 0.993996 9.9973E-05
0.682671 0.0712427 0.229764 9.9991E-05 0.0162229
0.943278 0.0245478 0.0319745 9.9982E-05 9.9982E-05
0.908785 0.0110754 0.0744737 9.9991E-05 0.00556607
0.823195 9.9973E-05 9.9973E-05 0.176505 9.9973E-05
0.875426 9.9973E-05 9.9973E-05 0.124274 9.9973E-05
0.948423 0.0498661 0.00151144 9.9982E-05 9.9982E-05
0.97997 9.9973E-05 9.9973E-05 0.0197303 9.9973E-05
0.791772 0.101687 0.0974624 9.9991E-05 0.00897827
9.997E-05 0.9996 9.997E-05 9.997E-05 9.997E-05
0.00633372 9.9991E-05 0.00593241 0.886533 0.1011
9.997E-05 0.9996 9.997E-05 9.997E-05 9.997E-05
0.0286313 0.204963 0.0149297 0.751376 9.999E-05
0.0254667 0.130334 9.9991E-05 0.838738 0.00536126
9.997E-05 0.198404 9.997E-05 0.801296 9.997E-05
0.059268 0.0463031 0.0206286 0.825777 0.0480235
0.0277945 0.294359 0.0205042 0.657242 9.9991E-05
0.45412 9.9973E-05 9.9973E-05 9.9973E-05 0.54558
0.854362 9.9973E-05 9.9973E-05 0.145338 9.9973E-05
0.992903 9.9973E-05 0.00679741 9.9973E-05 9.9973E-05
0.784608 0.0109686 0.111688 0.0464927 0.0462431
0.796682 9.998E-05 9.998E-05 0.1738 0.0293182
0.939691 0.0232334 0.03165 9.9991E-05 0.00532558
9.997E-05 9.997E-05 9.997E-05 9.997E-05 0.9996
9.9973E-05 9.9973E-05 0.970615 0.0290851 9.9973E-05
9.9973E-05 9.9973E-05 0.991886 0.00781446 9.9973E-05
9.997E-05 9.997E-05 9.997E-05 9.997E-05 0.9996
0.00283079 0.0357001 0.939941 9.9991E-05 0.0214277
9.997E-05 9.997E-05 0.9996 9.997E-05 9.997E-05
