9.9955E-05 0.449533 0.421441 9.9955E-05 9.9955E-05 9.9955E-05 9.9955E-05 0.128526
0.0173811 9.9964E-05 9.9964E-05 0.85784 0.0183798 9.9964E-05 9.9964E-05 0.106
0.0279693 9.9955E-05 0.00714423 0.964387 9.9955E-05 9.9955E-05 9.9955E-05 9.9955E-05
9.994E-05 9.994E-05 0.278816 9.994E-05 9.994E-05 0.720584 9.994E-05 9.994E-05
9.9964E-05 9.9964E-05 0.926347 0.0335743 9.9964E-05 9.9964E-05 0.0206665 0.0190128
9.994E-05 9.994E-05 0.9993 9.994E-05 9.994E-05 9.994E-05 9.994E-05 9.994E-05
0.0182998 9.99459E-05 0.981101 9.99459E-05 9.99459E-05 9.99459E-05 9.99459E-05 9.99459E-05
9.9973E-05 0.0266744 9.9973E-05 0.805902 0.00327779 9.9973E-05 0.116632 0.0472138
9.9955E-05 9.9955E-05 9.9955E-05 0.98202 0.0116259 0.00585477 9.9955E-05 9.9955E-05
0.0770823 0.0363525 9.9973E-05 0.823532 0.0321771 9.9973E-05 0.0305565 9.9973E-05
0.95449 0.00699323 9.9955E-05 9.9955E-05 9.9955E-05 0.0380171 9.9955E-05 9.9955E-05
0.9993 9.994E-05 9.994E-05 9.994E-05 9.994E-05 9.994E-05 9.994E-05 9.994E-05
0.00301186 9.9964E-05 0.0217042 0.966395 9.9964E-05 9.9964E-05 9.9964E-05 0.00848945
9.9955E-05 9.9955E-05 0.0266676 0.964584 9.9955E-05 0.00824836 9.9955E-05 9.9955E-05
9.9973E-05 0.0323592 9.9973E-05 0.894138 0.000904503 9.9973E-05 0.00796102 0.0643374
9.994E-05 9.994E-05 9.994E-05 9.994E-05 9.994E-05 9.994E-05 9.994E-05 0.9993
9.9946E-05 9.9946E-05 9.9946E-05 9.9946E-05 0.0257953 0.973605 9.9946E-05 9.9946E-05
9.9946E-05 9.9946E-05 9.9946E-05 9.9946E-05 9.9946E-05 0.0004245 9.9946E-05 0.998976
0.00276988 9.9982E-05 0.744847 0.0442627 9.9982E-05 0.0118091 0.00452669 0.191585
9.994E-05 9.994E-05 9.994E-05 9.994E-05 9.994E-05 0.9993 9.994E-05 9.994E-05
9.99549E-05 9.99549E-05 0.747899 9.99549E-05 9.99549E-05 0.0642038 9.99549E-05 0.187397
0.0711673 9.9982E-05 0.767814 9.9982E-05 0.0640404 0.0415942 0.00476595 0.0504179
9.9964E-05 9.9964E-05 9.9964E-05 0.0171265 9.9964E-05 0.805999 0.013592 0.162883
0.0658333 9.9955E-05 9.9955E-05 0.0489991 0.884668 9.9955E-05 9.9955E-05 9.9955E-05
0.664422 0.0209839 0.0452771 0.250946 0.00841685 0.00289429 0.00695979 9.9991E-05
0.0256275 9.9955E-05 9.9955E-05 0.962907 9.9955E-05 0.0109653 9.9955E-05 9.9955E-05
9.994E-05 0.9993 9.994E-05 9.994E-05 9.994E-05 9.994E-05 9.994E-05 9.994E-05
0.985859 9.9964E-05 0.00186108 9.9964E-05 0.00476415 9.9964E-05 9.9964E-05 0.00711586
9.9946E-05 0.0405624 9.9946E-05 0.958838 9.9946E-05 9.9946E-05 9.9946E-05 9.9946E-05
9.994E-05 9.994E-05 9.994E-05 9.994E-05 0.9993 9.994E-05 9.994E-05 9.994E-05
9.9946E-05 9.9946E-05 0.0141593 9.9946E-05 9.9946E-05 9.9946E-05 0.985241 9.9946E-05
0.00606848 0.0283698 9.9955E-05 9.9955E-05 9.9955E-05 9.9955E-05 0.965062 9.9955E-05
9.9955E-05 0.955714 9.9955E-05 9.9955E-05 0.0207289 9.9955E-05 0.0230568 9.9955E-05
9.9973E-05 0.803079 9.9973E-05 0.0760746 0.035444 9.9973E-05 0.076484 0.00861857
9.9946E-05 9.9946E-05 9.9946E-05 9.9946E-05 0.0214784 9.9946E-05 0.977922 9.9946E-05
