9.99201E-05 9.99201E-05 9.99201E-05 9.99201E-05 0.999101 9.99201E-05 9.99201E-05 9.99201E-05 9.99201E-05 9.99201E-05
0.013804 0.831983 9.9955E-05 9.9955E-05 9.9955E-05 9.9955E-05 0.0240191 0.122713 9.9955E-05 0.00698125
9.99201E-05 0.999101 9.99201E-05 9.99201E-05 9.99201E-05 9.99201E-05 9.99201E-05 9.99201E-05 9.99201E-05 9.99201E-05
9.9937E-05 9.9937E-05 9.9937E-05 9.9937E-05 0.00979782 0.92 9.9937E-05 9.9937E-05 0.069503 9.9937E-05
9.99371E-05 9.99371E-05 0.0439939 9.99371E-05 9.99371E-05 0.917337 9.99371E-05 0.0379691 9.99371E-05 9.99371E-05
9.99201E-05 9.99201E-05 9.99201E-05 9.99201E-05 9.99201E-05 0.999101 9.99201E-05 9.99201E-05 9.99201E-05 9.99201E-05
9.99279E-05 9.99279E-05 9.99279E-05 0.463098 9.99279E-05 0.536103 9.99279E-05 9.99279E-05 9.99279E-05 9.99279E-05
9.9946E-05 0.0569637 0.883028 9.9946E-05 9.9946E-05 9.9946E-05 0.0101916 0.0492174 9.9946E-05 9.9946E-05
0.00253149 0.987185 9.9937E-05 9.9937E-05 9.9937E-05 9.9937E-05 9.9937E-05 0.00958434 9.9937E-05 9.9937E-05
0.0329659 0.597024 0.334511 9.99639E-05 9.99639E-05 9.99639E-05 0.00295374 0.0101291 9.99639E-05 0.0220162
9.9955E-05 0.76544 9.9955E-05 9.9955E-05 0.0137083 0.114518 9.9955E-05 9.9955E-05 0.0542655 0.0515687
9.99201E-05 9.99201E-05 9.99201E-05 9.99201E-05 9.99201E-05 9.99201E-05 9.99201E-05 9.99201E-05 9.99201E-05 0.999101
9.9946E-05 0.962912 9.9946E-05 9.9946E-05 0.00561646 9.9946E-05 0.0027367 0.0281353 9.9946E-05 9.9946E-05
9.9937E-05 0.988203 9.9937E-05 9.9937E-05 9.9937E-05 0.00680023 9.9937E-05 9.9937E-05 0.00429754 9.9937E-05
0.0134609 0.883986 9.9946E-05 9.9946E-05 9.9946E-05 9.9946E-05 0.0127668 0.0891861 9.9946E-05 9.9946E-05
9.99488E-05 9.99488E-05 9.99488E-05 0.0160336 0.00516845 9.99488E-05 0.000317298 0.977881 9.99488E-05 9.99488E-05
0.092158 9.99549E-05 9.99549E-05 9.99549E-05 9.99549E-05 0.875488 0.00695797 0.0246461 9.99549E-05 0.00025039
9.9928E-05 9.9928E-05 9.9928E-05 9.9928E-05 9.9928E-05 0.00156244 9.9928E-05 0.997638 9.9928E-05 9.9928E-05
9.9928E-05 9.9928E-05 9.9928E-05 0.992313 9.9928E-05 9.9928E-05 9.9928E-05 0.00688743 9.9928E-05 9.9928E-05
9.995E-05 9.995E-05 9.995E-05 9.995E-05 9.995E-05 0.834895 0.0148364 0.138039 0.00794841 0.00378048
9.9955E-05 9.9955E-05 9.9955E-05 0.752473 0.106755 0.0683418 9.9955E-05 0.0144684 0.0574619 9.9955E-05
0.0269716 9.99279E-05 9.99279E-05 0.972229 9.99279E-05 9.99279E-05 9.99279E-05 9.99279E-05 9.99279E-05 9.99279E-05
9.99201E-05 9.99201E-05 9.99201E-05 9.99201E-05 9.99201E-05 9.99201E-05 9.99201E-05 9.99201E-05 0.999101 9.99201E-05
0.338771 0.636666 9.9946E-05 9.9946E-05 9.9946E-05 0.00830946 9.9946E-05 9.9946E-05 9.9946E-05 0.0156538
9.99549E-05 0.7394 0.0755014 0.0233028 9.99549E-05 0.121095 9.99549E-05 9.99549E-05 9.99549E-05 0.0402012
9.9928E-05 9.9928E-05 0.998108 9.9928E-05 9.9928E-05 9.9928E-05 9.9928E-05 9.9928E-05 9.9928E-05 0.0010926
9.9928E-05 9.9928E-05 0.90525 9.9928E-05 0.0939507 9.9928E-05 9.9928E-05 9.9928E-05 9.9928E-05 9.9928E-05
0.0107838 0.644894 0.0845548 0.199938 9.9955E-05 9.9955E-05 9.9955E-05 9.9955E-05 9.9955E-05 0.0593292
9.99201E-05 9.99201E-05 0.999101 9.99201E-05 9.99201E-05 9.99201E-05 9.99201E-05 9.99201E-05 9.99201E-05 9.99201E-05
0.999101 9.99201E-05 9.99201E-05 9.99201E-05 9.99201E-05 9.99201E-05 9.99201E-05 9.99201E-05 9.99201E-05 9.99201E-05
0.161791 9.9964E-05 0.783176 0.0279308 9.9964E-05 9.9964E-05 0.0140101 0.0116947 0.00099785 9.9964E-05
0.188603 9.9955E-05 0.720958 9.9955E-05 9.9955E-05 9.9955E-05 0.0683947 0.0192295 0.00231555 9.9955E-05
9.99201E-05 9.99201E-05 9.99201E-05 9.99201E-05 9.99201E-05 9.99201E-05 0.999101 9.99201E-05 9.99201E-05 9.99201E-05
0.947247 9.9937E-05 0.0170805 9.9937E-05 9.9937E-05 9.9937E-05 9.9937E-05 0.0349732 9.9937E-05 9.9937E-05
0.998077 9.9928E-05 9.9928E-05 9.9928E-05 9.9928E-05 9.9928E-05 9.9928E-05 9.9928E-05 9.9928E-05 0.00112337
