0.316888 0.283635 0.399477
0.125544 0.874356 9.9991E-05
9.999E-05 0.990924 0.00897645
9.999E-05 9.999E-05 0.9998
0.0335743 0.0489727 0.917453
9.999E-05 9.999E-05 0.9998
9.999E-05 0.00344025 0.99646
0.0838451 0.916055 9.9991E-05
0.0249323 0.974968 9.9991E-05
0.0112894 0.980781 0.00792912
9.9991E-05 0.796342 0.203558
9.9991E-05 0.849083 0.150817
0.0385284 0.95252 0.00895171
9.9991E-05 0.956545 0.0433554
0.0950416 0.904858 9.9991E-05
0.9998 9.999E-05 9.999E-05
0.00136081 0.108027 0.890613
0.9998 9.999E-05 9.999E-05
0.220411 0.0335292 0.74606
0.132169 0.0326441 0.835187
0.215432 9.9991E-05 0.784468
0.055787 0.120631 0.823582
0.307935 0.0393081 0.652757
9.9991E-05 0.976955 0.0229452
9.9991E-05 0.834191 0.165709
9.9991E-05 0.984112 0.0157876
0.00343305 0.932472 0.064095
9.9991E-05 0.808224 0.191676
0.0123789 0.987521 9.9991E-05
0.0436637 0.956236 9.9991E-05
0.0525321 0.933367 0.0141004
0.0487987 0.951101 9.9991E-05
0.0610894 0.938811 9.9991E-05
0.0838358 0.916064 9.9991E-05
0.0253675 0.974532 9.9991E-05
