0.188957 0.40359 0.252199 9.9982E-05 0.155053 9.9982E-05
9.9964E-05 9.9964E-05 0.0610367 9.9964E-05 9.9964E-05 0.938563
9.996E-05 9.996E-05 9.996E-05 0.9995 9.996E-05 9.996E-05
9.996E-05 0.9995 9.996E-05 9.996E-05 9.996E-05 9.996E-05
0.0259121 0.91002 0.0282559 9.9991E-05 0.0220738 0.0136383
9.996E-05 0.9995 9.996E-05 9.996E-05 9.996E-05 9.996E-05
9.9964E-05 0.981641 9.9964E-05 0.017959 9.9964E-05 9.9964E-05
0.0160086 9.998E-05 0.0182666 9.998E-05 0.092206 0.873319
9.996E-05 9.996E-05 9.996E-05 9.996E-05 9.996E-05 0.9995
0.125505 9.9982E-05 9.9982E-05 0.133544 0.0953614 0.64539
9.9964E-05 0.110181 9.9964E-05 0.889419 9.9964E-05 9.9964E-05
9.9973E-05 0.1254 9.9973E-05 0.030181 9.9973E-05 0.844119
9.9964E-05 0.00752386 9.9964E-05 9.9964E-05 9.9964E-05 0.992076
9.996E-05 9.996E-05 9.996E-05 0.9995 9.996E-05 9.996E-05
9.9964E-05 9.9964E-05 0.0399298 9.9964E-05 9.9964E-05 0.95967
9.996E-05 9.996E-05 0.9995 9.996E-05 9.996E-05 9.996E-05
9.9973E-05 0.884407 9.9973E-05 0.0265456 0.0887477 9.9973E-05
9.996E-05 9.996E-05 0.9995 9.996E-05 9.996E-05 9.996E-05
9.9973E-05 0.754518 0.183981 9.9973E-05 9.9973E-05 0.0612014
0.00770325 0.839572 0.116247 9.9991E-05 0.00287377 0.0335048
9.9964E-05 0.794107 0.205493 9.9964E-05 9.9964E-05 9.9964E-05
9.9991E-05 0.818381 0.0428388 0.035108 0.0556999 0.0478725
0.00512702 0.658154 0.280703 0.0150547 0.00495362 0.0360081
9.99787E-05 9.99787E-05 9.99787E-05 0.245755 0.32809 0.425855
0.0197925 0.117179 9.9982E-05 0.615307 9.9982E-05 0.247521
0.160681 9.9982E-05 9.9982E-05 0.686028 0.0886791 0.0644117
0.9995 9.996E-05 9.996E-05 9.996E-05 9.996E-05 9.996E-05
9.9964E-05 0.110032 9.9964E-05 0.889568 9.9964E-05 9.9964E-05
0.949928 9.9964E-05 9.9964E-05 9.9964E-05 9.9964E-05 0.0496717
9.996E-05 9.996E-05 9.996E-05 9.996E-05 0.9995 9.996E-05
9.9964E-05 0.0331399 9.9964E-05 9.9964E-05 0.96646 9.9964E-05
0.00116618 0.0161543 9.9973E-05 9.9973E-05 0.98238 9.9973E-05
0.0647842 9.9973E-05 0.0108101 9.9973E-05 0.924106 9.9973E-05
0.0172984 9.9973E-05 0.0314311 9.9973E-05 0.950971 9.9973E-05
9.996E-05 9.996E-05 9.996E-05 9.996E-05 0.9995 9.996E-05
