9.9946E-05 9.9946E-05 9.9946E-05 9.9946E-05 9.9946E-05 0.438183 0.144952 0.416265 9.9946E-05
9.9937E-05 9.9937E-05 0.913343 9.9937E-05 9.9937E-05 9.9937E-05 0.0859572 9.9937E-05 9.9937E-05
0.776269 0.0138939 0.157923 0.0505158 9.9964E-05 9.9964E-05 9.9964E-05 9.9964E-05 0.000998092
9.9937E-05 9.9937E-05 9.9937E-05 9.9937E-05 0.73194 0.267361 9.9937E-05 9.9937E-05 9.9937E-05
0.0307494 0.0123501 9.9964E-05 9.9964E-05 9.9964E-05 0.926748 0.0234535 9.9964E-05 0.00629857
9.993E-05 9.993E-05 9.993E-05 9.993E-05 9.993E-05 0.999201 9.993E-05 9.993E-05 9.993E-05
9.99369E-05 9.99369E-05 9.99369E-05 0.0151388 9.99369E-05 0.984162 9.99369E-05 9.99369E-05 9.99369E-05
0.876569 0.0218802 9.9964E-05 9.9964E-05 9.9964E-05 9.9964E-05 0.0562016 0.0220475 0.0229017
9.993E-05 9.993E-05 0.999201 9.993E-05 9.993E-05 9.993E-05 9.993E-05 9.993E-05 9.993E-05
0.632373 0.0318262 0.0937285 0.106049 9.9973E-05 9.9973E-05 9.9973E-05 0.0911369 0.0445868
9.9937E-05 9.9937E-05 9.9937E-05 0.965358 0.0339424 9.9937E-05 9.9937E-05 9.9937E-05 9.9937E-05
9.993E-05 9.993E-05 9.993E-05 0.999201 9.993E-05 9.993E-05 9.993E-05 9.993E-05 9.993E-05
0.987843 9.9937E-05 9.9937E-05 9.9937E-05 9.9937E-05 0.0114572 9.9937E-05 9.9937E-05 9.9937E-05
9.9937E-05 9.9937E-05 0.985251 9.9937E-05 9.9937E-05 0.0140493 9.9937E-05 9.9937E-05 9.9937E-05
0.0523512 0.861483 0.0676142 9.9955E-05 9.9955E-05 9.9955E-05 0.0180519 9.9955E-05 9.9955E-05
9.993E-05 9.993E-05 9.993E-05 9.993E-05 9.993E-05 9.993E-05 0.999201 9.993E-05 9.993E-05
9.9937E-05 9.9937E-05 9.9937E-05 9.9937E-05 0.980074 9.9937E-05 9.9937E-05 9.9937E-05 0.0192263
9.9937E-05 9.9937E-05 9.9937E-05 9.9937E-05 0.00210035 9.9937E-05 0.9972 9.9937E-05 9.9937E-05
0.0153726 0.0108102 0.0213465 0.0069767 0.00558659 0.749052 0.190655 9.9982E-05 9.9982E-05
9.993E-05 9.993E-05 9.993E-05 9.993E-05 0.999201 9.993E-05 9.993E-05 9.993E-05 9.993E-05
9.99459E-05 9.99459E-05 9.99459E-05 9.99459E-05 0.0586494 0.753144 0.187607 9.99459E-05 9.99459E-05
9.99729E-05 9.99729E-05 0.010403 0.073344 0.0373984 0.775494 0.0460514 9.99729E-05 0.0570095
0.00444903 0.013475 0.0103722 9.9973E-05 0.803776 9.9973E-05 0.16549 0.0021369 9.9973E-05
0.0480038 9.9955E-05 0.0906893 0.195149 9.9955E-05 9.9955E-05 9.9955E-05 9.9955E-05 0.665658
0.174559 0.0269894 0.0240007 0.693427 0.00693683 0.0410022 9.9982E-05 0.0328847 9.9982E-05
0.992815 9.9937E-05 9.9937E-05 9.9937E-05 0.00648576 9.9937E-05 9.9937E-05 9.9937E-05 9.9937E-05
9.9946E-05 9.9946E-05 9.9946E-05 0.0638604 9.9946E-05 0.0126322 9.9946E-05 0.922908 9.9946E-05
9.9937E-05 9.9937E-05 9.9937E-05 0.986545 9.9937E-05 9.9937E-05 0.0127556 9.9937E-05 9.9937E-05
0.999201 9.993E-05 9.993E-05 9.993E-05 9.993E-05 9.993E-05 9.993E-05 9.993E-05 9.993E-05
9.993E-05 9.993E-05 9.993E-05 9.993E-05 9.993E-05 9.993E-05 9.993E-05 9.993E-05 0.999201
9.993E-05 0.999201 9.993E-05 9.993E-05 9.993E-05 9.993E-05 9.993E-05 9.993E-05 9.993E-05
9.9955E-05 0.123979 0.00305168 9.9955E-05 9.9955E-05 9.9955E-05 9.9955E-05 0.831037 0.041432
9.9937E-05 9.9937E-05 9.9937E-05 9.9937E-05 9.9937E-05 9.9937E-05 9.9937E-05 0.998699 0.000601483
9.9946E-05 9.9946E-05 9.9946E-05 9.9946E-05 9.9946E-05 9.9946E-05 0.00341339 0.973261 0.0227264
9.993E-05 9.993E-05 9.993E-05 9.993E-05 9.993E-05 9.993E-05 9.993E-05 9.993E-05 0.999201
