9.994E-05 9.994E-05 9.994E-05 9.994E-05 9.994E-05 9.994E-05 0.9993 9.994E-05
0.0213657 0.10081 9.9964E-05 0.869038 9.9964E-05 0.00838715 9.9964E-05 9.9964E-05
0.0429745 9.9946E-05 9.9946E-05 0.956426 9.9946E-05 9.9946E-05 9.9946E-05 9.9946E-05
9.9946E-05 9.9946E-05 9.9946E-05 9.9946E-05 0.994503 9.9946E-05 0.00489765 9.9946E-05
9.9973E-05 0.0190893 0.027834 0.0278437 0.912873 0.0120598 9.9973E-05 9.9973E-05
9.994E-05 9.994E-05 9.994E-05 9.994E-05 0.9993 9.994E-05 9.994E-05 9.994E-05
0.0221213 9.9946E-05 9.9946E-05 9.9946E-05 0.977279 9.9946E-05 9.9946E-05 9.9946E-05
9.9964E-05 0.046861 0.00734465 0.811731 9.9964E-05 0.133664 9.9964E-05 9.9964E-05
9.9946E-05 9.9946E-05 9.9946E-05 0.998736 9.9946E-05 9.9946E-05 9.9946E-05 0.000664157
0.077964 9.997E-05 0.0240127 0.827905 9.997E-05 0.0415686 9.997E-05 0.0282493
0.964544 9.9964E-05 0.014373 9.9964E-05 0.0144372 9.9964E-05 0.00624636 9.9964E-05
0.9993 9.994E-05 9.994E-05 9.994E-05 9.994E-05 9.994E-05 9.994E-05 9.994E-05
9.9973E-05 0.00451237 9.9973E-05 0.953887 0.00808108 0.00563402 0.027586 9.9973E-05
0.0354135 9.9955E-05 9.9955E-05 0.934276 0.0298104 9.9955E-05 9.9955E-05 9.9955E-05
9.9973E-05 0.0635951 0.000195366 0.932369 9.9973E-05 9.9973E-05 0.000238943 0.00330157
9.994E-05 0.9993 9.994E-05 9.994E-05 9.994E-05 9.994E-05 9.994E-05 9.994E-05
0.0346261 9.9955E-05 9.9955E-05 9.9955E-05 0.875712 9.9955E-05 9.9955E-05 0.0891622
9.994E-05 0.9993 9.994E-05 9.994E-05 9.994E-05 9.994E-05 9.994E-05 9.994E-05
9.9964E-05 0.184999 9.9964E-05 0.0571252 0.756958 0.000517698 9.9964E-05 9.9964E-05
0.013325 0.120336 0.00993614 0.00484576 0.833996 0.0173607 9.9982E-05 9.9982E-05
9.99549E-05 0.131825 9.99549E-05 9.99549E-05 0.716093 9.99549E-05 0.151582 9.99549E-05
0.0824039 0.0437386 9.9991E-05 0.00543587 0.798721 0.00233467 0.0107712 0.0564945
0.00601009 0.27192 0.0107185 0.02492 0.658536 0.0184891 0.00930634 9.9991E-05
0.202432 9.9955E-05 9.9955E-05 0.25791 9.9955E-05 9.9955E-05 9.9955E-05 0.539158
0.677332 9.9982E-05 0.0162487 0.242575 0.044807 0.00461164 9.9982E-05 0.0142255
0.0371387 9.99643E-05 9.99643E-05 0.934735 0.0114649 9.99643E-05 9.99643E-05 0.0162611
9.994E-05 9.994E-05 0.9993 9.994E-05 9.994E-05 9.994E-05 9.994E-05 9.994E-05
0.989712 0.00968799 9.9946E-05 9.9946E-05 9.9946E-05 9.9946E-05 9.9946E-05 9.9946E-05
9.9946E-05 9.9946E-05 0.0153642 0.984036 9.9946E-05 9.9946E-05 9.9946E-05 9.9946E-05
9.994E-05 9.994E-05 9.994E-05 9.994E-05 9.994E-05 9.994E-05 9.994E-05 0.9993
9.9946E-05 9.9946E-05 9.9946E-05 9.9946E-05 0.013106 0.986294 9.9946E-05 9.9946E-05
9.9946E-05 9.9946E-05 9.9946E-05 9.9946E-05 0.00526243 0.994138 9.9946E-05 9.9946E-05
9.9973E-05 9.9973E-05 0.0238931 0.0460184 9.9973E-05 0.74051 0.0987176 0.0905613
9.9946E-05 0.0165597 9.9946E-05 9.9946E-05 9.9946E-05 9.9946E-05 9.9946E-05 0.982841
9.9946E-05 9.9946E-05 9.9946E-05 9.9946E-05 9.9946E-05 0.999115 9.9946E-05 0.000285738
