9.993E-05 9.993E-05 9.993E-05 9.993E-05 9.993E-05 9.993E-05 9.993E-05 9.993E-05 0.999201
0.0395602 0.0488437 0.0134391 0.8604 9.9964E-05 0.0373567 9.9964E-05 9.9964E-05 9.9964E-05
9.9937E-05 9.9937E-05 9.9937E-05 9.9937E-05 9.9937E-05 0.00231808 9.9937E-05 0.996982 9.9937E-05
9.9937E-05 9.9937E-05 9.9937E-05 9.9937E-05 0.849179 9.9937E-05 0.150122 9.9937E-05 9.9937E-05
0.0447048 0.00777661 9.9946E-05 9.9946E-05 9.9946E-05 9.9946E-05 0.946919 9.9946E-05 9.9946E-05
9.993E-05 9.993E-05 9.993E-05 9.993E-05 9.993E-05 9.993E-05 0.999201 9.993E-05 9.993E-05
9.99549E-05 9.99549E-05 9.99549E-05 0.00924172 0.391952 9.99549E-05 0.5956 9.99549E-05 0.00270679
0.0791957 0.186445 0.0190364 9.9964E-05 9.9964E-05 0.0217532 9.9964E-05 0.69317 9.9964E-05
9.993E-05 9.993E-05 9.993E-05 9.993E-05 9.993E-05 0.999201 9.993E-05 9.993E-05 9.993E-05
0.0147593 0.085136 0.00495999 0.0459319 9.9973E-05 0.147048 9.9973E-05 0.701865 9.9973E-05
9.9946E-05 9.9946E-05 9.9946E-05 0.0424861 0.190489 9.9946E-05 9.9946E-05 0.766425 9.9946E-05
9.9937E-05 9.9937E-05 9.9937E-05 0.991952 9.9937E-05 9.9937E-05 0.00734873 9.9937E-05 9.9937E-05
0.0492281 9.9937E-05 9.9937E-05 9.9937E-05 9.9937E-05 9.9937E-05 9.9937E-05 0.950072 9.9937E-05
9.9946E-05 9.9946E-05 9.9946E-05 9.9946E-05 0.00965933 9.9946E-05 0.00465106 0.98509 9.9946E-05
0.0800227 9.9946E-05 0.00677213 9.9946E-05 9.9946E-05 0.912605 9.9946E-05 9.9946E-05 9.9946E-05
0.99345 9.9946E-05 9.9946E-05 0.00193575 9.9946E-05 9.9946E-05 9.9946E-05 9.9946E-05 0.00401426
9.9946E-05 0.0140018 0.00246967 9.9946E-05 0.982929 9.9946E-05 9.9946E-05 9.9946E-05 9.9946E-05
0.999201 9.993E-05 9.993E-05 9.993E-05 9.993E-05 9.993E-05 9.993E-05 9.993E-05 9.993E-05
0.127642 0.00724761 9.9964E-05 0.0173453 0.810727 9.9964E-05 0.0366389 9.9964E-05 9.9964E-05
0.0145201 9.9946E-05 0.00372135 9.9946E-05 0.981159 9.9946E-05 9.9946E-05 9.9946E-05 9.9946E-05
0.08149 9.995E-05 9.995E-05 9.995E-05 0.624356 9.995E-05 0.140487 9.995E-05 0.153167
9.997E-05 0.0295014 9.997E-05 0.0170412 0.775235 0.0542218 0.11671 9.997E-05 0.00699007
0.198762 0.00569718 9.9973E-05 9.9973E-05 0.738294 9.9973E-05 0.0229203 0.0268354 0.00719038
9.993E-05 9.993E-05 9.993E-05 9.993E-05 9.993E-05 0.999201 9.993E-05 9.993E-05 9.993E-05
9.99639E-05 9.99639E-05 9.99639E-05 0.0773026 0.093955 0.257593 0.0544849 0.516265 9.99639E-05
9.993E-05 9.993E-05 9.993E-05 9.993E-05 9.993E-05 9.993E-05 9.993E-05 0.999201 9.993E-05
9.9946E-05 9.9946E-05 0.0264412 9.9946E-05 9.9946E-05 9.9946E-05 9.9946E-05 0.860126 0.112833
9.9964E-05 9.9964E-05 9.9964E-05 0.0220625 0.142077 0.717886 0.0323373 0.0852375 9.9964E-05
0.0138455 9.9946E-05 0.00305124 9.9946E-05 9.9946E-05 9.9946E-05 9.9946E-05 0.982504 9.9946E-05
9.9955E-05 0.779322 0.0249275 9.9955E-05 9.9955E-05 0.186712 9.9955E-05 9.9955E-05 0.0085388
9.9946E-05 0.972094 9.9946E-05 9.9946E-05 0.0101612 9.9946E-05 0.0171452 9.9946E-05 9.9946E-05
9.9946E-05 0.966513 0.0176628 9.9946E-05 9.9946E-05 9.9946E-05 0.0152249 9.9946E-05 9.9946E-05
9.993E-05 9.993E-05 0.999201 9.993E-05 9.993E-05 9.993E-05 9.993E-05 9.993E-05 9.993E-05
0.0310542 0.94734 9.9946E-05 9.9946E-05 9.9946E-05 9.9946E-05 9.9946E-05 0.0210062 9.9946E-05
9.993E-05 0.999201 9.993E-05 9.993E-05 9.993E-05 9.993E-05 9.993E-05 9.993E-05 9.993E-05
