9.993E-05 0.999201 9.993E-05 9.993E-05 9.993E-05 9.993E-05 9.993E-05 9.993E-05 9.993E-05
9.9955E-05 9.9955E-05 0.0257783 9.9955E-05 9.9955E-05 0.0949452 0.844083 0.0346936 9.9955E-05
0.0571431 9.9973E-05 0.0056392 0.0802546 0.642122 9.9973E-05 0.110162 0.104379 9.9973E-05
9.9937E-05 0.00127281 9.9937E-05 9.9937E-05 9.9937E-05 9.9937E-05 9.9937E-05 9.9937E-05 0.998028
0.0139254 9.9973E-05 9.9973E-05 0.0133325 9.9973E-05 0.0172716 0.0164001 0.0230612 0.915709
9.993E-05 9.993E-05 9.993E-05 9.993E-05 9.993E-05 9.993E-05 9.993E-05 9.993E-05 0.999201
9.9937E-05 9.9937E-05 9.9937E-05 9.9937E-05 0.0251349 9.9937E-05 9.9937E-05 9.9937E-05 0.974166
9.9937E-05 9.9937E-05 9.9937E-05 0.990841 9.9937E-05 0.00845897 9.9937E-05 9.9937E-05 9.9937E-05
9.993E-05 9.993E-05 9.993E-05 9.993E-05 9.993E-05 9.993E-05 9.993E-05 0.999201 9.993E-05
0.0721726 9.9982E-05 0.051825 0.197099 0.190256 0.00617319 0.246331 0.235943 9.9982E-05
9.9946E-05 0.00940674 9.9946E-05 9.9946E-05 0.953889 9.9946E-05 9.9946E-05 9.9946E-05 0.0361043
9.9937E-05 9.9937E-05 9.9937E-05 9.9937E-05 0.998785 0.000515884 9.9937E-05 9.9937E-05 9.9937E-05
9.993E-05 9.993E-05 9.993E-05 9.993E-05 9.993E-05 9.993E-05 0.999201 9.993E-05 9.993E-05
9.9937E-05 9.9937E-05 9.9937E-05 9.9937E-05 9.9937E-05 9.9937E-05 0.990626 9.9937E-05 0.00867491
9.9964E-05 9.9964E-05 0.00732747 0.0264817 9.9964E-05 0.0680709 0.106023 0.791697 9.9964E-05
9.993E-05 9.993E-05 9.993E-05 9.993E-05 9.993E-05 0.999201 9.993E-05 9.993E-05 9.993E-05
9.9946E-05 9.9946E-05 0.0982467 9.9946E-05 0.0217781 9.9946E-05 9.9946E-05 9.9946E-05 0.879376
9.993E-05 9.993E-05 9.993E-05 9.993E-05 9.993E-05 0.999201 9.993E-05 9.993E-05 9.993E-05
9.99676E-05 9.99676E-05 9.99676E-05 0.0287772 0.00385258 0.201111 0.0155365 9.99676E-05 0.750323
9.99714E-05 9.99714E-05 0.00866283 9.99714E-05 9.99714E-05 0.11673 0.0171523 0.0196258 0.837429
9.99459E-05 0.154289 9.99459E-05 9.99459E-05 9.99459E-05 0.129247 9.99459E-05 9.99459E-05 0.715864
9.99729E-05 0.0133673 0.0626511 0.0099228 0.0619729 0.0467303 9.99729E-05 9.99729E-05 0.805056
0.00498838 0.0117095 9.9982E-05 0.0188656 9.9982E-05 0.257486 0.00585703 0.0358831 0.665011
9.9946E-05 9.9946E-05 0.906422 9.9946E-05 0.0749604 9.9946E-05 0.0180182 9.9946E-05 9.9946E-05
0.0419982 9.9973E-05 0.00395658 9.9973E-05 0.792339 9.9973E-05 0.0940824 0.0208734 0.0464509
0.00398729 9.9955E-05 0.000876877 0.0758098 9.9955E-05 9.9955E-05 0.918826 9.9955E-05 9.9955E-05
9.9937E-05 0.0381581 9.9937E-05 9.9937E-05 9.9937E-05 9.9937E-05 9.9937E-05 0.961142 9.9937E-05
9.9946E-05 9.9946E-05 0.0168363 9.9946E-05 0.947944 9.9946E-05 9.9946E-05 9.9946E-05 0.0346199
9.993E-05 9.993E-05 9.993E-05 0.999201 9.993E-05 9.993E-05 9.993E-05 9.993E-05 9.993E-05
9.993E-05 9.993E-05 0.999201 9.993E-05 9.993E-05 9.993E-05 9.993E-05 9.993E-05 9.993E-05
0.971065 9.9937E-05 9.9937E-05 9.9937E-05 9.9937E-05 9.9937E-05 9.9937E-05 9.9937E-05 0.0282359
0.999201 9.993E-05 9.993E-05 9.993E-05 9.993E-05 9.993E-05 9.993E-05 9.993E-05 9.993E-05
0.603309 0.136701 0.112605 0.0797355 9.9964E-05 9.9964E-05 0.0672494 9.9964E-05 9.9964E-05
0.978287 9.9937E-05 9.9937E-05 9.9937E-05 9.9937E-05 0.0210132 9.9937E-05 9.9937E-05 9.9937E-05
0.423441 9.9946E-05 0.0809658 9.9946E-05 9.9946E-05 9.9946E-05 9.9946E-05 0.494994 9.9946E-05
