9.993E-05 9.993E-05 9.993E-05 9.993E-05 9.993E-05 9.993E-05 0.999201 9.993E-05 9.993E-05
9.9937E-05 0.963509 9.9937E-05 9.9937E-05 0.0357917 9.9937E-05 9.9937E-05 9.9937E-05 9.9937E-05
9.9937E-05 9.9937E-05 9.9937E-05 9.9937E-05 9.9937E-05 9.9937E-05 9.9937E-05 0.995433 0.00386787
0.989755 9.9937E-05 9.9937E-05 9.9937E-05 9.9937E-05 9.9937E-05 0.00954503 9.9937E-05 9.9937E-05
0.9119 9.99551E-05 9.99551E-05 9.99551E-05 0.0218999 0.042006 9.99551E-05 0.023694 9.99551E-05
0.999201 9.993E-05 9.993E-05 9.993E-05 9.993E-05 9.993E-05 9.993E-05 9.993E-05 9.993E-05
0.978313 9.9955E-05 0.000499399 9.9955E-05 9.9955E-05 9.9955E-05 9.9955E-05 0.00363805 0.0170497
9.9964E-05 0.0295127 9.9964E-05 0.086049 0.0750167 0.0611781 9.9964E-05 0.747844 9.9964E-05
9.993E-05 0.999201 9.993E-05 9.993E-05 9.993E-05 9.993E-05 9.993E-05 9.993E-05 9.993E-05
9.9982E-05 0.219761 0.00551466 0.0796778 0.00762895 0.0913769 9.9982E-05 0.522763 0.0730775
0.018036 9.9946E-05 9.9946E-05 9.9946E-05 9.9946E-05 9.9946E-05 0.00130545 9.9946E-05 0.980059
9.993E-05 9.993E-05 9.993E-05 9.993E-05 9.993E-05 9.993E-05 9.993E-05 9.993E-05 0.999201
9.997E-05 0.10785 9.997E-05 9.997E-05 0.0213708 0.560483 9.997E-05 0.265964 0.0439328
0.0257942 9.9937E-05 9.9937E-05 9.9937E-05 9.9937E-05 9.9937E-05 9.9937E-05 0.973506 9.9937E-05
9.9946E-05 0.975949 9.9946E-05 9.9946E-05 0.012901 0.0105506 9.9946E-05 9.9946E-05 9.9946E-05
9.993E-05 9.993E-05 9.993E-05 9.993E-05 0.999201 9.993E-05 9.993E-05 9.993E-05 9.993E-05
0.878355 9.9955E-05 0.00858201 0.0932655 9.9955E-05 9.9955E-05 9.9955E-05 9.9955E-05 0.0192974
9.993E-05 9.993E-05 9.993E-05 9.993E-05 0.999201 9.993E-05 9.993E-05 9.993E-05 9.993E-05
0.749377 0.0429554 0.0163744 9.9955E-05 0.190793 9.9955E-05 9.9955E-05 9.9955E-05 9.9955E-05
0.835209 0.0104867 9.9973E-05 0.0126361 0.124585 0.00350196 9.9973E-05 9.9973E-05 0.0132808
0.717067 9.99459E-05 9.99459E-05 9.99459E-05 0.126712 9.99459E-05 0.155621 9.99459E-05 9.99459E-05
0.801958 0.0283442 0.0446717 0.0577424 0.0415207 9.9982E-05 0.00899359 9.9982E-05 0.0165695
0.647284 0.0116126 9.9982E-05 9.9982E-05 0.279058 0.01519 0.0086369 0.000813911 0.0372052
9.9964E-05 0.28396 0.0687871 0.448093 9.9964E-05 9.9964E-05 9.9964E-05 0.0871642 0.111596
0.0880232 0.0882033 0.10677 0.0183151 9.9982E-05 0.126609 9.9982E-05 0.221867 0.350013
9.9937E-05 9.9937E-05 0.000790407 9.9937E-05 9.9937E-05 9.9937E-05 9.9937E-05 0.99851 9.9937E-05
9.9937E-05 9.9937E-05 9.9937E-05 9.9937E-05 9.9937E-05 0.94739 0.05191 9.9937E-05 9.9937E-05
9.993E-05 9.993E-05 0.999201 9.993E-05 9.993E-05 9.993E-05 9.993E-05 9.993E-05 9.993E-05
9.9937E-05 9.9937E-05 9.9937E-05 9.9937E-05 0.000249317 9.9937E-05 9.9937E-05 0.999051 9.9937E-05
9.993E-05 9.993E-05 9.993E-05 0.999201 9.993E-05 9.993E-05 9.993E-05 9.993E-05 9.993E-05
9.993E-05 9.993E-05 9.993E-05 9.993E-05 9.993E-05 0.999201 9.993E-05 9.993E-05 9.993E-05
9.9937E-05 9.9937E-05 9.9937E-05 0.0620367 9.9937E-05 0.937264 9.9937E-05 9.9937E-05 9.9937E-05
9.996E-05 9.996E-05 9.996E-05 0.772373 9.996E-05 0.0997795 0.0982457 0.0211396 0.00806277
9.9946E-05 9.9946E-05 9.9946E-05 0.957979 0.0366714 9.9946E-05 9.9946E-05 0.00475017 9.9946E-05
9.993E-05 9.993E-05 9.993E-05 0.999201 9.993E-05 9.993E-05 9.993E-05 9.993E-05 9.993E-05
