9.99201E-05 9.99201E-05 9.99201E-05 9.99201E-05 0.999101 9.99201E-05 9.99201E-05 9.99201E-05 9.99201E-05 9.99201E-05
0.0579045 9.9955E-05 0.79426 0.0167 9.9955E-05 9.9955E-05 0.00781383 9.9955E-05 9.9955E-05 0.122822
9.99201E-05 9.99201E-05 0.999101 9.99201E-05 9.99201E-05 9.99201E-05 9.99201E-05 9.99201E-05 9.99201E-05 9.99201E-05
9.9928E-05 9.9928E-05 9.9928E-05 9.9928E-05 9.9928E-05 0.889253 9.9928E-05 9.9928E-05 0.109947 9.9928E-05
9.9973E-05 0.0171028 9.9973E-05 0.00809657 9.9973E-05 0.906486 0.0140107 0.0145671 0.00301538 0.0364214
9.99201E-05 9.99201E-05 9.99201E-05 9.99201E-05 9.99201E-05 0.999101 9.99201E-05 9.99201E-05 9.99201E-05 9.99201E-05
9.9928E-05 9.9928E-05 0.0154073 9.9928E-05 9.9928E-05 0.983793 9.9928E-05 9.9928E-05 9.9928E-05 9.9928E-05
0.00686317 0.0681937 0.747628 0.0337183 9.9973E-05 9.9973E-05 0.0799115 0.000428362 9.9973E-05 0.0629573
0.846625 9.9937E-05 0.146165 9.9937E-05 9.9937E-05 9.9937E-05 9.9937E-05 9.9937E-05 9.9937E-05 0.00651066
0.0761815 0.025118 0.815324 0.0114416 9.9973E-05 9.9973E-05 0.0366572 0.0213201 9.9973E-05 0.0136579
9.9946E-05 9.9946E-05 0.709696 9.9946E-05 9.9946E-05 0.108334 9.9946E-05 0.110613 0.0707575 9.9946E-05
9.9928E-05 9.9928E-05 0.877666 9.9928E-05 9.9928E-05 0.121535 9.9928E-05 9.9928E-05 9.9928E-05 9.9928E-05
9.99201E-05 0.999101 9.99201E-05 9.99201E-05 9.99201E-05 9.99201E-05 9.99201E-05 9.99201E-05 9.99201E-05 9.99201E-05
9.993E-05 9.993E-05 0.982002 9.993E-05 9.993E-05 0.0142791 9.993E-05 9.993E-05 0.00301937 9.993E-05
0.0272812 0.0184849 0.837674 0.00507819 9.9964E-05 9.9964E-05 0.0296736 9.9964E-05 9.9964E-05 0.0814082
9.9928E-05 9.9928E-05 9.9928E-05 9.9928E-05 0.00259734 9.9928E-05 9.9928E-05 9.9928E-05 9.9928E-05 0.996603
0.0966942 9.9973E-05 9.9973E-05 0.000320523 9.9973E-05 0.857183 0.0126352 0.00235089 0.0261291 0.00438765
9.99201E-05 9.99201E-05 9.99201E-05 9.99201E-05 9.99201E-05 9.99201E-05 9.99201E-05 9.99201E-05 9.99201E-05 0.999101
9.9955E-05 0.0257088 0.0102474 0.00488621 9.9955E-05 0.749267 9.9955E-05 9.9955E-05 9.9955E-05 0.209391
0.00799612 9.9973E-05 9.9973E-05 0.00406416 9.9973E-05 0.797639 0.0170037 0.00162201 0.0462892 0.125085
9.99459E-05 9.99459E-05 9.99459E-05 9.99459E-05 0.155325 0.677922 9.99459E-05 9.99459E-05 0.0462104 0.119943
0.073566 0.00236919 0.00287755 0.00602968 0.00584862 0.807132 0.00403001 0.0344407 9.9991E-05 0.0636063
9.99201E-05 9.99201E-05 9.99201E-05 9.99201E-05 9.99201E-05 9.99201E-05 9.99201E-05 9.99201E-05 0.999101 9.99201E-05
0.997384 9.9928E-05 9.9928E-05 9.9928E-05 9.9928E-05 9.9928E-05 9.9928E-05 0.00181686 9.9928E-05 9.9928E-05
0.0186056 0.0793365 0.614528 9.99549E-05 9.99549E-05 0.140028 9.99549E-05 0.147002 9.99549E-05 9.99549E-05
9.9928E-05 9.9928E-05 0.986038 9.9928E-05 9.9928E-05 9.9928E-05 0.0131622 9.9928E-05 9.9928E-05 9.9928E-05
9.99201E-05 9.99201E-05 9.99201E-05 9.99201E-05 9.99201E-05 9.99201E-05 9.99201E-05 0.999101 9.99201E-05 9.99201E-05
0.0377621 9.9946E-05 0.0183626 9.9946E-05 9.9946E-05 0.0846518 9.9946E-05 0.858624 9.9946E-05 9.9946E-05
0.00697423 9.9955E-05 0.945991 0.00296142 9.9955E-05 9.9955E-05 0.0320167 9.9955E-05 9.9955E-05 0.0115564
0.970984 9.9937E-05 9.9937E-05 0.00885849 9.9937E-05 9.9937E-05 0.0194576 9.9937E-05 9.9937E-05 9.9937E-05
9.9928E-05 0.99304 9.9928E-05 0.00616082 9.9928E-05 9.9928E-05 9.9928E-05 9.9928E-05 9.9928E-05 9.9928E-05
0.107913 0.231921 0.0262475 0.0261309 9.9991E-05 0.00127498 0.549237 0.0387528 0.0101928 0.00823041
9.9928E-05 9.9928E-05 9.9928E-05 9.9928E-05 0.045803 9.9928E-05 0.953398 9.9928E-05 9.9928E-05 9.9928E-05
9.99201E-05 9.99201E-05 9.99201E-05 9.99201E-05 9.99201E-05 9.99201E-05 0.999101 9.99201E-05 9.99201E-05 9.99201E-05
9.99201E-05 9.99201E-05 9.99201E-05 0.999101 9.99201E-05 9.99201E-05 9.99201E-05 9.99201E-05 9.99201E-05 9.99201E-05
