0.342666 9.9991E-05 0.226292 0.430942
0.0186226 0.845133 0.136144 9.9991E-05
9.998E-05 0.9997 9.998E-05 9.998E-05
9.998E-05 9.998E-05 9.998E-05 0.9997
0.0363991 0.016918 0.0332732 0.91341
9.998E-05 9.998E-05 9.998E-05 0.9997
9.9982E-05 0.00564558 9.9982E-05 0.994154
0.196625 0.73071 0.0725659 9.9991E-05
0.00745418 0.974275 0.0181705 9.9991E-05
0.0848757 0.898691 0.0163331 9.9991E-05
9.9982E-05 0.821862 9.9982E-05 0.177938
9.9982E-05 0.869572 9.9982E-05 0.130228
9.9982E-05 0.949688 0.0501125 9.9982E-05
9.9982E-05 0.97909 9.9982E-05 0.0207104
0.0676204 0.82259 0.10969 9.9991E-05
9.998E-05 9.998E-05 0.9997 9.998E-05
0.0957764 0.0116903 9.9991E-05 0.892433
9.998E-05 9.998E-05 0.9997 9.998E-05
9.9991E-05 0.040111 0.203956 0.755833
9.9991E-05 0.0335942 0.125391 0.840914
9.9982E-05 9.9982E-05 0.200233 0.799567
0.0541205 0.0727094 0.0476951 0.825475
0.00968183 0.037628 0.290366 0.662324
0.239117 0.749313 9.9991E-05 0.0114698
9.9982E-05 0.851208 9.9982E-05 0.148592
9.9982E-05 0.998695 9.9982E-05 0.00110456
0.180954 0.758936 0.0121274 0.0479822
9.9982E-05 0.820384 9.9982E-05 0.179416
9.9982E-05 0.973442 0.026358 9.9982E-05
0.9997 9.998E-05 9.998E-05 9.998E-05
0.968689 9.9982E-05 9.9982E-05 0.0311109
0.986957 9.9982E-05 9.9982E-05 0.0128433
0.9997 9.998E-05 9.998E-05 9.998E-05
0.975025 9.9982E-05 0.0247749 9.9982E-05
0.9997 9.998E-05 9.998E-05 9.998E-05
