9.9964E-05 0.331492 0.0782837 9.9964E-05 0.555591 9.9964E-05 9.9964E-05 0.0342335
0.00710551 9.9955E-05 0.079091 9.9955E-05 9.9955E-05 9.9955E-05 0.913304 9.9955E-05
9.994E-05 9.994E-05 9.994E-05 9.994E-05 9.994E-05 9.994E-05 9.994E-05 0.9993
9.9946E-05 9.9946E-05 9.9946E-05 9.9946E-05 0.813498 0.185902 9.9946E-05 9.9946E-05
9.9955E-05 0.00297603 0.0462137 9.9955E-05 9.9955E-05 0.950311 9.9955E-05 9.9955E-05
9.994E-05 9.994E-05 9.994E-05 9.994E-05 9.994E-05 0.9993 9.994E-05 9.994E-05
9.99549E-05 9.99549E-05 9.99549E-05 9.99549E-05 0.423655 0.575153 9.99549E-05 0.000692734
9.9955E-05 0.273952 0.0327664 9.9955E-05 9.9955E-05 9.9955E-05 0.692782 9.9955E-05
9.994E-05 9.994E-05 9.994E-05 9.994E-05 9.994E-05 9.994E-05 0.9993 9.994E-05
0.0278335 0.0395614 0.00202586 0.0178332 9.9982E-05 9.9982E-05 0.7038 0.208746
9.9946E-05 9.9946E-05 9.9946E-05 9.9946E-05 0.136806 9.9946E-05 9.9946E-05 0.862595
9.9964E-05 9.9964E-05 9.9964E-05 9.9964E-05 0.0978982 0.0384341 0.83684 0.0264282
9.9964E-05 0.0812495 0.0497013 9.9964E-05 9.9964E-05 9.9964E-05 0.0424422 0.826207
0.00321492 9.9955E-05 9.9955E-05 0.00293114 9.9955E-05 9.9955E-05 9.9955E-05 0.993354
0.00413295 0.023815 0.0590713 9.9964E-05 9.9964E-05 9.9964E-05 0.912581 9.9964E-05
9.994E-05 9.994E-05 0.9993 9.994E-05 9.994E-05 9.994E-05 9.994E-05 9.994E-05
0.0403655 9.9946E-05 9.9946E-05 9.9946E-05 0.959035 9.9946E-05 9.9946E-05 9.9946E-05
9.994E-05 9.994E-05 0.9993 9.994E-05 9.994E-05 9.994E-05 9.994E-05 9.994E-05
9.9964E-05 9.9964E-05 0.112199 9.9964E-05 0.827117 0.0291117 0.0311725 9.9964E-05
9.9946E-05 9.9946E-05 0.023183 9.9946E-05 0.976217 9.9946E-05 9.9946E-05 9.9946E-05
9.9955E-05 9.9955E-05 0.108226 9.9955E-05 0.802986 0.0882883 9.9955E-05 9.9955E-05
0.0546127 9.99729E-05 9.99729E-05 9.99729E-05 0.806072 0.0927764 0.0286496 0.0175895
9.998E-05 9.998E-05 0.213159 0.0169192 0.665517 0.0797706 0.0148461 0.00958775
0.890953 9.9955E-05 9.9955E-05 9.9955E-05 9.9955E-05 9.9955E-05 0.0718546 0.036693
0.00636594 9.9973E-05 9.9973E-05 9.9973E-05 0.0851025 0.0384495 0.188948 0.680834
9.9946E-05 9.9946E-05 9.9946E-05 9.9946E-05 9.9946E-05 0.00223576 0.997165 9.9946E-05
9.9964E-05 0.0497631 0.0229033 0.00542165 9.9964E-05 9.9964E-05 9.9964E-05 0.921512
0.0636758 9.9964E-05 9.9964E-05 0.00928139 0.144165 9.9964E-05 9.9964E-05 0.782478
9.994E-05 9.994E-05 9.994E-05 9.994E-05 9.994E-05 9.994E-05 0.9993 9.994E-05
0.9993 9.994E-05 9.994E-05 9.994E-05 9.994E-05 9.994E-05 9.994E-05 9.994E-05
9.9964E-05 0.886569 9.9964E-05 0.0653335 9.9964E-05 0.0309451 9.9964E-05 0.0167526
9.994E-05 9.994E-05 9.994E-05 0.9993 9.994E-05 9.994E-05 9.994E-05 9.994E-05
9.994E-05 0.9993 9.994E-05 9.994E-05 9.994E-05 9.994E-05 9.994E-05 9.994E-05
9.9946E-05 0.992936 0.00646469 9.9946E-05 9.9946E-05 9.9946E-05 9.9946E-05 9.9946E-05
9.994E-05 0.9993 9.994E-05 9.994E-05 9.994E-05 9.994E-05 9.994E-05 9.994E-05
