9.9982E-05 0.196431 9.9982E-05 0.104898 0.276154 0.422317
0.67138 0.128888 0.16393 0.00694921 0.0287522 9.9991E-05
0.903018 9.9982E-05 0.0329326 0.0576729 0.00617687 9.9982E-05
9.996E-05 9.996E-05 9.996E-05 9.996E-05 9.996E-05 0.9995
0.0322167 0.0239038 0.00792349 9.9991E-05 0.0221005 0.913756
9.996E-05 9.996E-05 9.996E-05 9.996E-05 9.996E-05 0.9995
0.014722 9.9964E-05 9.9964E-05 9.9964E-05 9.9964E-05 0.984878
0.156343 0.0087522 9.9982E-05 0.000830604 0.833874 9.9982E-05
0.594097 0.00678367 0.39882 9.9973E-05 9.9973E-05 9.9973E-05
0.626229 0.00673258 0.111035 0.144429 0.111475 9.999E-05
9.9964E-05 9.9964E-05 9.9964E-05 0.930843 9.9964E-05 0.0687573
0.817083 9.9973E-05 9.9973E-05 0.0610637 9.9973E-05 0.121553
0.98442 0.0151799 9.9964E-05 9.9964E-05 9.9964E-05 9.9964E-05
0.983395 9.9964E-05 9.9964E-05 9.9964E-05 9.9964E-05 0.0162053
0.529731 0.0577336 0.0087586 9.9982E-05 0.403576 9.9982E-05
9.996E-05 0.9995 9.996E-05 9.996E-05 9.996E-05 9.996E-05
9.997E-05 9.997E-05 0.0963097 0.0226184 9.997E-05 0.880772
9.996E-05 0.9995 9.996E-05 9.996E-05 9.996E-05 9.996E-05
0.0402132 0.202334 0.000436808 9.9991E-05 0.00224637 0.75467
0.00769069 0.128171 0.00844676 0.0208467 9.999E-05 0.834744
9.9964E-05 0.192665 9.9964E-05 9.9964E-05 9.9964E-05 0.806935
0.0118992 0.0418356 0.0784134 0.0522876 9.999E-05 0.815464
0.0188136 0.281302 9.9991E-05 0.0120667 0.028017 0.6597
0.121167 9.9973E-05 0.625266 0.253267 9.9973E-05 9.9973E-05
0.121219 9.9973E-05 9.9973E-05 0.81621 9.9973E-05 0.062271
0.402373 9.9982E-05 0.0807517 0.464926 0.0517494 9.9982E-05
9.996E-05 9.996E-05 9.996E-05 0.9995 9.996E-05 9.996E-05
9.9964E-05 9.9964E-05 9.9964E-05 0.954608 9.9964E-05 0.0449919
0.995787 9.9964E-05 0.00381272 9.9964E-05 9.9964E-05 9.9964E-05
9.996E-05 9.996E-05 0.9995 9.996E-05 9.996E-05 9.996E-05
9.996E-05 9.996E-05 9.996E-05 9.996E-05 0.9995 9.996E-05
9.996E-05 9.996E-05 9.996E-05 9.996E-05 0.9995 9.996E-05
9.996E-05 9.996E-05 0.0521607 9.996E-05 0.947439 9.996E-05
9.996E-05 0.0217968 0.977803 9.996E-05 9.996E-05 9.996E-05
9.996E-05 9.996E-05 0.9995 9.996E-05 9.996E-05 9.996E-05
