0.324996 0.212386 0.440112 0.0225066
0.0218806 0.135925 9.9991E-05 0.842095
9.998E-05 9.998E-05 9.998E-05 0.9997
9.998E-05 9.998E-05 0.9997 9.998E-05
0.0319372 0.034806 0.92042 0.0128371
9.998E-05 9.998E-05 0.9997 9.998E-05
9.9982E-05 9.9982E-05 0.99404 0.00575988
0.243763 0.0659584 9.9991E-05 0.690179
0.0162064 0.0264243 9.9991E-05 0.957269
0.0723388 0.0139251 9.9991E-05 0.913636
9.9982E-05 9.9982E-05 0.181119 0.818681
9.9982E-05 9.9982E-05 0.130314 0.869486
9.9982E-05 0.0445333 9.9982E-05 0.955267
9.9982E-05 9.9982E-05 0.0235789 0.976221
0.0837447 0.0988903 9.9991E-05 0.817265
9.998E-05 0.9997 9.998E-05 9.998E-05
0.0948286 9.9991E-05 0.891454 0.0136179
9.998E-05 0.9997 9.998E-05 9.998E-05
9.9991E-05 0.20674 0.75729 0.0358691
0.00114659 0.133115 0.838264 0.027475
9.9982E-05 0.197998 0.801803 9.9982E-05
0.0567732 0.050268 0.823404 0.0695546
0.0160799 0.288421 0.663825 0.0316737
0.22997 9.9991E-05 0.0103282 0.759602
9.9982E-05 9.9982E-05 0.149822 0.849978
9.998E-05 9.998E-05 9.998E-05 0.9997
0.177207 0.00146831 0.0547836 0.766541
9.9982E-05 9.9982E-05 0.172957 0.826843
0.00667407 0.0223951 9.9991E-05 0.970831
0.9997 9.998E-05 9.998E-05 9.998E-05
0.96962 9.9982E-05 0.0301801 9.9982E-05
0.989508 9.9982E-05 0.0102925 9.9982E-05
0.9997 9.998E-05 9.998E-05 9.998E-05
0.98142 0.0183796 9.9982E-05 9.9982E-05
0.9997 9.998E-05 9.998E-05 9.998E-05
