9.996E-05 9.996E-05 9.996E-05 0.9995 9.996E-05 9.996E-05
9.9982E-05 0.133119 0.0893355 9.9982E-05 0.618042 0.159304
9.996E-05 9.996E-05 9.996E-05 9.996E-05 0.9995 9.996E-05
0.998623 9.9964E-05 9.9964E-05 0.000977337 9.9964E-05 9.9964E-05
0.914659 0.0351865 0.025367 9.9982E-05 0.0245876 9.9982E-05
0.9995 9.996E-05 9.996E-05 9.996E-05 9.996E-05 9.996E-05
0.988209 9.9964E-05 9.9964E-05 9.9964E-05 0.0113913 9.9964E-05
9.9973E-05 0.0774489 0.234824 9.9973E-05 0.687427 9.9973E-05
9.996E-05 9.996E-05 9.996E-05 9.996E-05 9.996E-05 0.9995
9.9982E-05 0.0183292 0.0732728 9.9982E-05 0.852047 0.0561508
0.172157 9.9982E-05 9.9982E-05 0.00166219 0.813784 0.0121962
0.0621927 9.9964E-05 9.9964E-05 9.9964E-05 9.9964E-05 0.937407
9.9964E-05 0.0438914 9.9964E-05 9.9964E-05 0.955709 9.9964E-05
0.0156517 9.9964E-05 9.9964E-05 9.9964E-05 0.983948 9.9964E-05
9.9982E-05 0.113363 0.127198 9.9982E-05 0.687795 0.0714437
9.996E-05 0.9995 9.996E-05 9.996E-05 9.996E-05 9.996E-05
0.889804 9.9982E-05 0.104686 9.9982E-05 0.00286193 0.00244799
9.996E-05 0.9995 9.996E-05 9.996E-05 9.996E-05 9.996E-05
0.755574 0.19956 0.0151189 9.9991E-05 0.0139765 0.0156713
0.841796 0.128248 0.00795678 9.9991E-05 0.0101124 0.0117875
0.71426 0.129248 9.9973E-05 0.156192 9.9973E-05 9.9973E-05
0.819028 0.0432202 0.0624577 0.0109359 0.0475499 0.016808
0.65067 0.296279 0.0030463 0.0123194 0.0264589 0.0112257
0.0110862 9.9982E-05 0.296682 9.9982E-05 0.625682 0.0663489
0.143792 9.9973E-05 9.9973E-05 9.9973E-05 0.803936 0.0519712
9.996E-05 9.996E-05 9.996E-05 9.996E-05 0.9995 9.996E-05
9.9964E-05 9.9964E-05 9.9964E-05 0.126366 0.873235 9.9964E-05
0.173205 9.9973E-05 9.9973E-05 9.9973E-05 0.820446 0.00604948
9.9964E-05 0.0201879 9.9964E-05 9.9964E-05 0.979412 9.9964E-05
0.000572883 9.9964E-05 0.999027 9.9964E-05 9.9964E-05 9.9964E-05
0.0383364 9.9964E-05 0.961264 9.9964E-05 9.9964E-05 9.9964E-05
0.0146438 9.9973E-05 0.983941 9.9973E-05 9.9973E-05 0.00111508
9.9973E-05 9.9973E-05 0.873163 0.117244 0.00929316 9.9973E-05
9.9964E-05 0.0354804 0.96412 9.9964E-05 9.9964E-05 9.9964E-05
9.9964E-05 9.9964E-05 0.995676 9.9964E-05 9.9964E-05 0.00392445
