0.303938 0.274541 0.421521
0.866641 0.133259 9.9991E-05
0.993035 9.9991E-05 0.00686505
9.999E-05 9.999E-05 0.9998
0.0485828 0.03151 0.919907
9.999E-05 9.999E-05 0.9998
0.00369331 9.9991E-05 0.996207
0.921506 0.0783942 9.9991E-05
0.983546 0.0163536 9.9991E-05
0.981719 0.0103602 0.00792122
0.798058 9.9991E-05 0.201842
0.85455 9.9991E-05 0.14535
0.947821 0.0414582 0.0107207
0.959758 9.9991E-05 0.040142
0.896131 0.103769 9.9991E-05
9.999E-05 0.9998 9.999E-05
0.108267 9.9991E-05 0.891633
9.999E-05 0.9998 9.999E-05
0.0374415 0.20526 0.757299
0.0299573 0.124015 0.846028
9.9991E-05 0.208267 0.791633
0.122425 0.0470487 0.830527
0.0391518 0.302729 0.658119
0.976868 9.9991E-05 0.0230316
0.832389 9.9991E-05 0.167511
0.982576 9.9991E-05 0.0173238
0.934835 0.0053312 0.0598334
0.804161 9.9991E-05 0.195739
0.977916 0.0219837 9.9991E-05
0.966538 0.0333619 9.9991E-05
0.927919 0.0649088 0.00717215
0.944259 0.0556415 9.9991E-05
0.946098 0.0538018 9.9991E-05
0.91719 0.08271 9.9991E-05
0.970381 0.0295189 9.9991E-05
