0.9993 9.994E-05 9.994E-05 9.994E-05 9.994E-05 9.994E-05 9.994E-05 9.994E-05
9.9964E-05 0.00387754 9.9964E-05 9.9964E-05 0.103151 9.9964E-05 0.00725526 0.885316
9.9946E-05 9.9946E-05 9.9946E-05 9.9946E-05 9.9946E-05 9.9946E-05 0.0150614 0.984339
0.00393417 9.9946E-05 9.9946E-05 9.9946E-05 9.9946E-05 0.995466 9.9946E-05 9.9946E-05
9.9973E-05 0.00725743 0.0486735 0.00978338 0.0219459 0.91204 9.9973E-05 9.9973E-05
9.994E-05 9.994E-05 9.994E-05 9.994E-05 9.994E-05 0.9993 9.994E-05 9.994E-05
9.9946E-05 9.9946E-05 9.9946E-05 9.9946E-05 9.9946E-05 0.973849 0.0255518 9.9946E-05
9.9973E-05 0.0197736 0.765981 0.122453 0.0355703 9.9973E-05 9.9973E-05 0.0559221
9.994E-05 9.994E-05 9.994E-05 9.994E-05 9.994E-05 9.994E-05 9.994E-05 0.9993
9.9982E-05 0.180699 0.185158 0.130838 0.00117445 9.9982E-05 0.0987008 0.403229
0.00729331 9.9955E-05 9.9955E-05 9.9955E-05 9.9955E-05 0.0172406 0.974966 9.9955E-05
9.9946E-05 9.9946E-05 9.9946E-05 9.9946E-05 0.00372513 9.9946E-05 0.995675 9.9946E-05
9.994E-05 9.994E-05 0.9993 9.994E-05 9.994E-05 9.994E-05 9.994E-05 9.994E-05
9.9946E-05 9.9946E-05 9.9946E-05 9.9946E-05 9.9946E-05 0.0230145 9.9946E-05 0.976386
9.99577E-05 9.99577E-05 0.00678598 9.99577E-05 0.0593902 9.99577E-05 9.99577E-05 0.933324
9.994E-05 9.994E-05 9.994E-05 9.994E-05 0.9993 9.994E-05 9.994E-05 9.994E-05
9.9955E-05 9.9955E-05 9.9955E-05 0.086705 9.9955E-05 0.877267 0.0355283 9.9955E-05
9.994E-05 9.994E-05 9.994E-05 9.994E-05 0.9993 9.994E-05 9.994E-05 9.994E-05
9.9982E-05 0.00848039 0.0144937 9.9982E-05 0.198885 0.746982 0.0134332 0.0175263
9.999E-05 0.00170196 0.0115075 0.000386927 0.122543 0.838377 0.015623 0.00976116
0.155114 9.99549E-05 9.99549E-05 9.99549E-05 0.128907 0.71548 9.99549E-05 9.99549E-05
0.00688174 0.000349197 9.9991E-05 0.046828 0.05132 0.799336 0.0864542 0.00873062
0.0157845 9.9982E-05 0.0143891 9.9982E-05 0.261633 0.662745 0.0123124 0.0329369
9.9955E-05 9.9955E-05 9.9955E-05 0.325696 9.9955E-05 9.9955E-05 0.201189 0.472615
9.9982E-05 0.0536976 0.0920981 0.0208913 9.9982E-05 0.0405007 0.711185 0.0814271
9.994E-05 0.9993 9.994E-05 9.994E-05 9.994E-05 9.994E-05 9.994E-05 9.994E-05
0.0226528 9.9946E-05 0.976748 9.9946E-05 9.9946E-05 9.9946E-05 9.9946E-05 9.9946E-05
9.9946E-05 9.9946E-05 9.9946E-05 9.9946E-05 0.00691175 9.9946E-05 0.992489 9.9946E-05
9.994E-05 0.9993 9.994E-05 9.994E-05 9.994E-05 9.994E-05 9.994E-05 9.994E-05
9.994E-05 9.994E-05 9.994E-05 0.9993 9.994E-05 9.994E-05 9.994E-05 9.994E-05
9.9955E-05 9.9955E-05 0.0024241 0.963584 9.9955E-05 0.0334925 9.9955E-05 9.9955E-05
9.9964E-05 0.00224695 9.9964E-05 0.977884 9.9964E-05 0.0171582 0.0023112 9.9964E-05
0.11454 0.00459698 0.0346723 0.845791 9.9964E-05 9.9964E-05 9.9964E-05 9.9964E-05
9.995E-05 0.0574145 9.995E-05 0.899713 0.0423725 9.995E-05 9.995E-05 9.995E-05
9.994E-05 9.994E-05 9.994E-05 0.9993 9.994E-05 9.994E-05 9.994E-05 9.994E-05
