0.440708 9.996E-05 0.333075 0.177789 9.996E-05 9.996E-05 9.996E-05 0.0480285
9.9964E-05 9.9964E-05 0.000457969 0.0962862 0.894718 0.00813809 9.9964E-05 9.9964E-05
0.00359827 9.9955E-05 9.9955E-05 9.9955E-05 0.978262 9.9955E-05 9.9955E-05 0.0176397
0.293802 0.705598 9.9946E-05 9.9946E-05 9.9946E-05 9.9946E-05 9.9946E-05 9.9946E-05
0.938238 9.9973E-05 9.9973E-05 0.0134389 0.0256102 0.00671369 0.0156995 9.9973E-05
0.9993 9.994E-05 9.994E-05 9.994E-05 9.994E-05 9.994E-05 9.994E-05 9.994E-05
0.990148 9.99459E-05 9.99459E-05 9.99459E-05 9.99459E-05 9.99459E-05 9.99459E-05 0.0092527
9.997E-05 9.997E-05 0.0526945 0.0485738 0.794066 0.0195402 0.0848254 9.997E-05
9.994E-05 9.994E-05 9.994E-05 9.994E-05 0.9993 9.994E-05 9.994E-05 9.994E-05
9.9973E-05 9.9973E-05 0.0731942 9.9973E-05 0.599021 0.159909 0.02809 0.139486
9.9946E-05 0.062979 9.9946E-05 9.9946E-05 9.9946E-05 9.9946E-05 9.9946E-05 0.936421
9.9946E-05 9.9946E-05 9.9946E-05 0.00672203 9.9946E-05 9.9946E-05 9.9946E-05 0.992678
0.0212671 9.9946E-05 9.9946E-05 9.9946E-05 0.978133 9.9946E-05 9.9946E-05 9.9946E-05
0.0161877 0.0156625 9.9955E-05 9.9955E-05 0.96765 9.9955E-05 9.9955E-05 9.9955E-05
9.9955E-05 9.9955E-05 9.9955E-05 0.050757 0.946163 9.9955E-05 0.00258067 9.9955E-05
9.994E-05 9.994E-05 9.994E-05 0.9993 9.994E-05 9.994E-05 9.994E-05 9.994E-05
9.9946E-05 0.991092 0.00830872 9.9946E-05 9.9946E-05 9.9946E-05 9.9946E-05 9.9946E-05
9.99428E-05 9.99428E-05 9.99428E-05 0.9993 9.99428E-05 9.99428E-05 9.99428E-05 9.99428E-05
0.755764 0.00335747 9.9973E-05 0.191137 0.0391857 0.0102559 9.9973E-05 9.9973E-05
9.994E-05 0.9993 9.994E-05 9.994E-05 9.994E-05 9.994E-05 9.994E-05 9.994E-05
0.748971 0.0658442 9.99549E-05 0.184685 9.99549E-05 9.99549E-05 9.99549E-05 9.99549E-05
0.764493 0.0483876 0.0434902 0.0518561 0.00903295 0.00631814 9.9991E-05 0.076322
9.9964E-05 0.803984 9.9964E-05 0.163348 0.0312568 9.9964E-05 0.00101166 9.9964E-05
9.9973E-05 0.00329592 0.284231 9.9973E-05 0.563884 0.000737225 9.9973E-05 0.147552
0.0568196 0.00389824 9.9982E-05 9.9982E-05 0.182606 0.0446905 0.0114475 0.700338
9.994E-05 9.994E-05 9.994E-05 9.994E-05 9.994E-05 0.9993 9.994E-05 9.994E-05
9.9964E-05 9.9964E-05 0.105142 0.000451363 9.9964E-05 9.9964E-05 0.0187591 0.875248
0.035979 9.9946E-05 9.9946E-05 9.9946E-05 9.9946E-05 9.9946E-05 9.9946E-05 0.963421
9.994E-05 9.994E-05 9.994E-05 9.994E-05 9.994E-05 0.9993 9.994E-05 9.994E-05
9.994E-05 9.994E-05 0.9993 9.994E-05 9.994E-05 9.994E-05 9.994E-05 9.994E-05
9.994E-05 9.994E-05 9.994E-05 9.994E-05 9.994E-05 9.994E-05 0.9993 9.994E-05
9.9955E-05 9.9955E-05 0.0135012 9.9955E-05 9.9955E-05 0.0100279 0.975971 9.9955E-05
9.9955E-05 9.9955E-05 0.962879 9.9955E-05 9.9955E-05 9.9955E-05 0.0148279 0.0217932
9.9955E-05 9.9955E-05 0.940771 0.0135877 9.9955E-05 0.0451413 9.9955E-05 9.9955E-05
9.994E-05 9.994E-05 0.9993 9.994E-05 9.994E-05 9.994E-05 9.994E-05 9.994E-05
