0.157427 9.9991E-05 0.18906 0.271599 0.381813
9.9973E-05 0.885815 9.9973E-05 0.113885 9.9973E-05
0.0272764 0.97107 9.9982E-05 9.9982E-05 0.00145402
9.997E-05 9.997E-05 9.997E-05 9.997E-05 0.9996
9.999E-05 0.0470827 0.0143016 0.0187439 0.919772
9.997E-05 9.997E-05 9.997E-05 9.997E-05 0.9996
0.0145193 9.9973E-05 9.9973E-05 9.9973E-05 0.985181
9.9982E-05 0.787003 0.155829 0.0569681 9.9982E-05
9.997E-05 0.9996 9.997E-05 9.997E-05 9.997E-05
0.105714 0.823219 0.0708665 9.9982E-05 9.9982E-05
0.956882 9.9973E-05 9.9973E-05 9.9973E-05 0.0428185
0.994098 9.9973E-05 9.9973E-05 0.00560162 9.9973E-05
9.9982E-05 0.971688 9.9982E-05 0.0133497 0.014762
0.0114723 0.955208 9.9982E-05 9.9982E-05 0.0331199
9.9973E-05 0.929557 9.9973E-05 0.0701426 9.9973E-05
9.997E-05 9.997E-05 9.997E-05 0.9996 9.997E-05
0.0328841 9.9982E-05 0.0860934 9.9982E-05 0.880823
9.997E-05 9.997E-05 9.997E-05 0.9996 9.997E-05
9.9982E-05 0.0513514 9.9982E-05 0.196338 0.752111
0.0138657 0.0206565 0.0077222 0.12007 0.837685
9.9973E-05 9.9973E-05 9.9973E-05 0.201871 0.797829
0.0725483 0.0184825 0.0522979 0.0503103 0.806361
0.00784252 0.0519343 9.9991E-05 0.278716 0.661407
0.120862 0.621819 0.251264 9.9991E-05 0.00595623
0.642551 0.291846 9.9982E-05 9.9982E-05 0.0654021
0.0295662 0.959378 9.9982E-05 9.9982E-05 0.0108562
0.859373 9.9973E-05 0.140327 9.9973E-05 9.9973E-05
0.971017 9.9973E-05 9.9973E-05 9.9973E-05 0.0286833
9.997E-05 0.9996 9.997E-05 9.997E-05 9.997E-05
9.997E-05 9.997E-05 0.9996 9.997E-05 9.997E-05
9.9973E-05 9.9973E-05 0.967584 9.9973E-05 0.0321164
0.00410564 9.9982E-05 0.986377 9.9982E-05 0.00931783
0.030925 9.9982E-05 0.961673 0.00720196 9.9982E-05
9.9982E-05 0.0350193 0.938004 0.0267768 9.9982E-05
9.997E-05 9.997E-05 0.9996 9.997E-05 9.997E-05
