9.99201E-05 9.99201E-05 9.99201E-05 9.99201E-05 9.99201E-05 0.999101 9.99201E-05 9.99201E-05 9.99201E-05 9.99201E-05
9.9928E-05 0.920528 9.9928E-05 9.9928E-05 9.9928E-05 9.9928E-05 9.9928E-05 9.9928E-05 0.0786722 9.9928E-05
9.9928E-05 9.9928E-05 0.0190756 9.9928E-05 9.9928E-05 9.9928E-05 9.9928E-05 9.9928E-05 9.9928E-05 0.980125
0.175791 9.9928E-05 9.9928E-05 9.9928E-05 9.9928E-05 9.9928E-05 0.82341 9.9928E-05 9.9928E-05 9.9928E-05
0.942121 9.9946E-05 9.9946E-05 9.9946E-05 0.0059454 9.9946E-05 9.9946E-05 0.00551146 0.0458229 9.9946E-05
0.999101 9.99201E-05 9.99201E-05 9.99201E-05 9.99201E-05 9.99201E-05 9.99201E-05 9.99201E-05 9.99201E-05 9.99201E-05
0.617822 9.99459E-05 0.0153891 9.99459E-05 9.99459E-05 0.00449251 0.361696 9.99459E-05 9.99459E-05 9.99459E-05
9.9964E-05 0.127365 9.9964E-05 0.30155 0.0289805 9.9964E-05 9.9964E-05 0.222871 0.0675587 0.251275
9.99201E-05 0.999101 9.99201E-05 9.99201E-05 9.99201E-05 9.99201E-05 9.99201E-05 9.99201E-05 9.99201E-05 9.99201E-05
9.9973E-05 0.431652 0.00674204 0.0937981 0.0232442 9.9973E-05 9.9973E-05 0.284424 0.0110565 0.148783
9.99201E-05 9.99201E-05 0.999101 9.99201E-05 9.99201E-05 9.99201E-05 9.99201E-05 9.99201E-05 9.99201E-05 9.99201E-05
0.0678958 0.904526 0.0176389 9.9946E-05 9.9946E-05 9.9946E-05 0.00933962 9.9946E-05 9.9946E-05 9.9946E-05
9.993E-05 9.993E-05 9.993E-05 9.993E-05 9.993E-05 0.00396336 9.993E-05 9.993E-05 0.00731405 0.988023
9.9928E-05 9.9928E-05 9.9928E-05 9.9928E-05 9.9928E-05 9.9928E-05 0.00379309 9.9928E-05 9.9928E-05 0.995407
9.9964E-05 0.483473 9.9964E-05 0.100385 0.00127911 9.9964E-05 9.9964E-05 0.0120263 0.0842958 0.318141
9.9928E-05 9.9928E-05 9.9928E-05 9.9928E-05 9.9928E-05 0.000872725 9.9928E-05 9.9928E-05 0.998328 9.9928E-05
9.9928E-05 9.9928E-05 9.9928E-05 0.0147553 9.9928E-05 9.9928E-05 0.984445 9.9928E-05 9.9928E-05 9.9928E-05
9.99201E-05 9.99201E-05 9.99201E-05 9.99201E-05 9.99201E-05 9.99201E-05 9.99201E-05 9.99201E-05 0.999101 9.99201E-05
0.0460898 0.0160097 9.9964E-05 9.9964E-05 0.00381994 9.9964E-05 0.805097 9.9964E-05 0.11865 0.0099336
9.9928E-05 9.9928E-05 9.9928E-05 9.9928E-05 9.9928E-05 9.9928E-05 0.997784 9.9928E-05 0.00141608 9.9928E-05
0.164897 9.99459E-05 9.99459E-05 9.99459E-05 9.99459E-05 0.153005 0.594953 9.99459E-05 0.0865458 9.99459E-05
0.120602 0.0697689 9.99639E-05 0.0289661 0.00658098 0.0109023 0.76278 9.99639E-05 9.99639E-05 9.99639E-05
0.0613873 9.9973E-05 0.0407896 9.9973E-05 0.00471314 0.00592105 0.669167 9.9973E-05 0.213462 0.00425999
9.9928E-05 0.887526 9.9928E-05 0.111675 9.9928E-05 9.9928E-05 9.9928E-05 9.9928E-05 9.9928E-05 9.9928E-05
0.0573892 0.646267 0.0870826 9.99639E-05 9.99639E-05 9.99639E-05 0.06232 0.0939492 9.99639E-05 0.0525919
9.99201E-05 9.99201E-05 9.99201E-05 9.99201E-05 9.99201E-05 9.99201E-05 9.99201E-05 0.999101 9.99201E-05 9.99201E-05
0.000558573 9.9937E-05 9.9937E-05 9.9937E-05 9.9937E-05 0.061663 9.9937E-05 0.937079 9.9937E-05 9.9937E-05
0.0260073 0.811318 0.0456435 9.9946E-05 9.9946E-05 9.9946E-05 0.116432 9.9946E-05 9.9946E-05 9.9946E-05
9.99201E-05 9.99201E-05 9.99201E-05 9.99201E-05 9.99201E-05 9.99201E-05 9.99201E-05 0.999101 9.99201E-05 9.99201E-05
9.9937E-05 9.9937E-05 9.9937E-05 0.989418 0.00194578 9.9937E-05 0.00793714 9.9937E-05 9.9937E-05 9.9937E-05
0.0211611 9.9955E-05 0.00553247 0.955397 0.00173468 9.9955E-05 0.0156747 9.9955E-05 9.9955E-05 9.9955E-05
0.0202245 9.9928E-05 9.9928E-05 0.978976 9.9928E-05 9.9928E-05 9.9928E-05 9.9928E-05 9.9928E-05 9.9928E-05
9.9937E-05 9.9937E-05 9.9937E-05 0.902658 9.9937E-05 0.0953358 9.9937E-05 0.00130671 9.9937E-05 9.9937E-05
9.9937E-05 9.9937E-05 9.9937E-05 0.944349 9.9937E-05 9.9937E-05 9.9937E-05 0.0265718 0.0283793 9.9937E-05
9.99201E-05 9.99201E-05 9.99201E-05 9.99201E-05 0.999101 9.99201E-05 9.99201E-05 9.99201E-05 9.99201E-05 9.99201E-05
