0.155512 9.997E-05 9.997E-05 0.214457 9.997E-05 0.198013 0.431718
9.995E-05 9.995E-05 0.9994 9.995E-05 9.995E-05 9.995E-05 9.995E-05
9.995E-05 0.9994 9.995E-05 9.995E-05 9.995E-05 9.995E-05 9.995E-05
9.995E-05 9.995E-05 9.995E-05 9.995E-05 9.995E-05 9.995E-05 0.9994
0.0521041 0.0118136 0.000767252 0.0183204 9.9982E-05 9.9982E-05 0.916795
9.995E-05 9.995E-05 9.995E-05 9.995E-05 9.995E-05 9.995E-05 0.9994
9.9955E-05 9.9955E-05 9.9955E-05 9.9955E-05 0.0164241 9.9955E-05 0.983076
0.848538 0.0103704 0.0065224 0.0300992 9.9982E-05 0.10427 9.9982E-05
9.995E-05 0.9994 9.995E-05 9.995E-05 9.995E-05 9.995E-05 9.995E-05
0.418005 0.218297 0.0265751 9.9982E-05 0.220652 0.116271 9.9982E-05
9.9955E-05 9.9955E-05 9.9955E-05 9.9955E-05 0.930913 9.9955E-05 0.0685875
9.9955E-05 9.9955E-05 9.9955E-05 0.015064 0.984436 9.9955E-05 9.9955E-05
0.983765 9.9964E-05 0.0154602 9.9964E-05 9.9964E-05 9.9964E-05 0.000375162
9.9964E-05 0.35349 9.9964E-05 9.9964E-05 0.619457 0.0266527 9.9964E-05
9.9973E-05 0.903605 0.0184372 0.0572533 9.9973E-05 0.0204044 9.9973E-05
9.995E-05 9.995E-05 9.995E-05 0.9994 9.995E-05 9.995E-05 9.995E-05
9.9964E-05 9.9964E-05 9.9964E-05 9.9964E-05 0.0561012 0.0653275 0.878171
9.995E-05 9.995E-05 9.995E-05 0.9994 9.995E-05 9.995E-05 9.995E-05
0.0152765 0.00360434 0.0354166 0.190962 9.9982E-05 9.9982E-05 0.75454
0.003015 9.9982E-05 0.0130062 0.11981 0.0302075 9.9982E-05 0.833761
9.9955E-05 9.9955E-05 9.9955E-05 0.199667 9.9955E-05 9.9955E-05 0.799834
9.9982E-05 9.9982E-05 0.00822904 0.0463121 0.0861108 0.0478777 0.81127
0.027014 0.0231114 0.0062758 0.267374 0.00507625 9.9991E-05 0.671049
9.997E-05 0.0313591 0.0288294 9.997E-05 0.59533 0.344181 9.997E-05
0.0580022 0.00541998 0.00719347 9.998E-05 0.872227 9.998E-05 0.0569575
0.204676 9.9973E-05 0.0107278 9.9973E-05 0.703966 0.0803308 9.9973E-05
0.971947 9.9955E-05 9.9955E-05 9.9955E-05 9.9955E-05 9.9955E-05 0.0275535
9.9955E-05 9.9955E-05 9.9955E-05 9.9955E-05 0.946795 9.9955E-05 0.0527054
0.9994 9.995E-05 9.995E-05 9.995E-05 9.995E-05 9.995E-05 9.995E-05
9.995E-05 9.995E-05 9.995E-05 9.995E-05 9.995E-05 0.9994 9.995E-05
9.995E-05 9.995E-05 9.995E-05 9.995E-05 9.995E-05 0.964422 0.0350783
9.9955E-05 9.9955E-05 9.9955E-05 9.9955E-05 9.9955E-05 0.988831 0.0106695
0.0740333 9.9982E-05 0.010375 0.00190754 9.9982E-05 0.912541 0.000942738
0.00107293 0.0192796 0.00133805 0.0287544 9.9982E-05 0.949355 9.9982E-05
9.9955E-05 9.9955E-05 0.00116802 9.9955E-05 9.9955E-05 0.998332 9.9955E-05
