0.0155414 0.204892 9.9964E-05 9.9964E-05 9.9964E-05 0.42169 9.9964E-05 0.357477
9.9964E-05 0.0779942 0.0213377 0.886645 9.9964E-05 9.9964E-05 0.0136232 9.9964E-05
0.0185342 9.9946E-05 9.9946E-05 9.9946E-05 0.980866 9.9946E-05 9.9946E-05 9.9946E-05
9.994E-05 9.994E-05 9.994E-05 9.994E-05 9.994E-05 0.9993 9.994E-05 9.994E-05
9.9973E-05 0.0155676 9.9973E-05 0.0129105 0.0400363 0.917174 0.0140119 9.9973E-05
9.994E-05 9.994E-05 9.994E-05 9.994E-05 9.994E-05 0.9993 9.994E-05 9.994E-05
0.0201388 9.9946E-05 9.9946E-05 9.9946E-05 9.9946E-05 0.979262 9.9946E-05 9.9946E-05
9.9982E-05 0.0512757 0.00258923 0.0176144 0.821848 9.9982E-05 0.0438336 0.0626395
9.9946E-05 9.9946E-05 0.0141293 9.9946E-05 0.985271 9.9946E-05 9.9946E-05 9.9946E-05
0.0884825 9.9982E-05 0.0356703 0.12796 0.686652 9.9982E-05 0.0375758 0.0234588
0.934332 9.9955E-05 9.9955E-05 9.9955E-05 0.0388175 0.0263508 9.9955E-05 9.9955E-05
0.9993 9.994E-05 9.994E-05 9.994E-05 9.994E-05 9.994E-05 9.994E-05 9.994E-05
9.994E-05 9.994E-05 9.994E-05 0.9993 9.994E-05 9.994E-05 9.994E-05 9.994E-05
0.0156421 9.9955E-05 9.9955E-05 9.9955E-05 0.957392 0.0264657 9.9955E-05 9.9955E-05
9.9964E-05 0.0729574 0.00399951 9.9964E-05 0.915549 9.9964E-05 0.00709453 9.9964E-05
9.994E-05 0.9993 9.994E-05 9.994E-05 9.994E-05 9.994E-05 9.994E-05 9.994E-05
0.0220102 9.9964E-05 0.0925555 9.9964E-05 9.9964E-05 0.880504 0.00453006 9.9964E-05
9.994E-05 0.9993 9.994E-05 9.994E-05 9.994E-05 9.994E-05 9.994E-05 9.994E-05
9.9973E-05 0.201556 9.9973E-05 0.0321215 0.00755585 0.750737 0.0077296 9.9973E-05
0.008973 0.113805 0.00857093 0.0271731 9.9982E-05 0.837841 0.00343696 9.9982E-05
9.99459E-05 0.199848 9.99459E-05 9.99459E-05 9.99459E-05 0.799552 9.99459E-05 9.99459E-05
0.0786269 0.0509163 0.0597718 9.99729E-05 9.99729E-05 0.803421 0.00696379 9.99729E-05
0.0120075 0.273838 9.9964E-05 9.9964E-05 0.052938 0.660817 9.9964E-05 9.9964E-05
0.0670623 9.9964E-05 0.895 0.0179825 0.0195552 9.9964E-05 9.9964E-05 9.9964E-05
0.676875 9.9991E-05 0.00166027 0.147524 0.101189 0.0434015 0.0198115 0.00943808
9.994E-05 9.994E-05 9.994E-05 0.9993 9.994E-05 9.994E-05 9.994E-05 9.994E-05
0.0207776 9.9964E-05 9.9964E-05 9.9964E-05 0.797007 0.0442185 9.9964E-05 0.137597
0.993136 0.00197207 0.00439213 9.9955E-05 9.9955E-05 9.9955E-05 9.9955E-05 9.9955E-05
9.9946E-05 9.9946E-05 9.9946E-05 0.0361301 0.96327 9.9946E-05 9.9946E-05 9.9946E-05
9.994E-05 9.994E-05 0.9993 9.994E-05 9.994E-05 9.994E-05 9.994E-05 9.994E-05
9.994E-05 9.994E-05 9.994E-05 9.994E-05 9.994E-05 9.994E-05 9.994E-05 0.9993
9.994E-05 9.994E-05 9.994E-05 9.994E-05 9.994E-05 9.994E-05 9.994E-05 0.9993
9.9946E-05 9.9946E-05 0.011256 9.9946E-05 9.9946E-05 9.9946E-05 9.9946E-05 0.988144
9.9955E-05 0.0167505 9.9955E-05 0.00306459 9.9955E-05 9.9955E-05 0.979685 9.9955E-05
9.9946E-05 9.9946E-05 9.9946E-05 9.9946E-05 9.9946E-05 0.00140173 0.997999 9.9946E-05
