0.438765 0.233737 0.2173 0.110098 9.9991E-05
9.999E-05 0.0574641 0.135253 0.0960513 0.711131
9.997E-05 9.997E-05 9.997E-05 0.9996 9.997E-05
0.9996 9.997E-05 9.997E-05 9.997E-05 9.997E-05
0.913819 9.9982E-05 0.019616 0.0663653 9.9982E-05
0.9996 9.997E-05 9.997E-05 9.997E-05 9.997E-05
0.986944 9.9973E-05 9.9973E-05 9.9973E-05 0.012756
9.9982E-05 0.166412 0.0428439 0.790544 9.9982E-05
9.997E-05 9.997E-05 9.997E-05 0.9996 9.997E-05
9.999E-05 0.100911 0.00533435 0.475516 0.418139
0.133003 9.9973E-05 9.9973E-05 9.9973E-05 0.866697
0.0616223 9.9973E-05 9.9973E-05 9.9973E-05 0.938078
0.013296 9.9982E-05 0.00743488 0.979069 9.9982E-05
0.028261 9.9973E-05 9.9973E-05 0.971439 9.9973E-05
9.9982E-05 0.00719828 0.0689167 0.923685 9.9982E-05
9.997E-05 9.997E-05 0.9996 9.997E-05 9.997E-05
0.883194 0.0783286 9.9982E-05 9.9982E-05 0.0382776
9.997E-05 9.997E-05 0.9996 9.997E-05 9.997E-05
0.753012 9.9991E-05 0.201684 0.0178797 0.0273245
0.836513 9.9991E-05 0.121609 0.00542918 0.0363483
0.800561 9.9973E-05 0.199139 9.9973E-05 9.9973E-05
0.812398 0.0478441 0.0475037 9.9991E-05 0.0921544
0.663159 9.9982E-05 0.278697 0.0579437 9.9982E-05
9.9973E-05 0.293023 9.9973E-05 9.9973E-05 0.706677
0.0983287 9.9982E-05 9.9982E-05 0.00115537 0.900316
9.997E-05 9.997E-05 9.997E-05 9.997E-05 0.9996
0.0551917 9.9973E-05 9.9973E-05 0.944508 9.9973E-05
0.110603 9.9973E-05 9.9973E-05 9.9973E-05 0.889098
9.9991E-05 0.0480608 0.0141494 0.206008 0.731682
9.997E-05 0.9996 9.997E-05 9.997E-05 9.997E-05
0.0314004 0.9683 9.9973E-05 9.9973E-05 9.9973E-05
0.00949741 0.990203 9.9973E-05 9.9973E-05 9.9973E-05
0.00177484 0.967097 9.9982E-05 0.0309283 9.9982E-05
9.9982E-05 0.963796 0.0281503 0.00785352 9.9982E-05
9.997E-05 0.9996 9.997E-05 9.997E-05 9.997E-05
