9.9991E-05 0.36644 0.285532 0.183914 0.164015
0.895276 9.9973E-05 0.104424 9.9973E-05 9.9973E-05
0.973034 0.000276402 9.9982E-05 0.0264893 9.9982E-05
9.997E-05 0.9996 9.997E-05 9.997E-05 9.997E-05
0.0587401 0.919408 0.0152654 9.9991E-05 0.0064868
9.997E-05 0.9996 9.997E-05 9.997E-05 9.997E-05
9.9973E-05 0.987198 9.9973E-05 0.0125025 9.9973E-05
0.842025 9.9982E-05 0.0467151 9.9982E-05 0.11106
0.9996 9.997E-05 9.997E-05 9.997E-05 9.997E-05
0.825907 9.9982E-05 9.9982E-05 0.0967004 0.0771922
9.9973E-05 0.0446483 9.9973E-05 0.955052 9.9973E-05
9.9973E-05 9.9973E-05 0.000718821 0.998981 9.9973E-05
0.967546 0.0199139 0.0123406 9.9982E-05 9.9982E-05
0.941702 0.0343956 9.9982E-05 0.0237027 9.9982E-05
0.916017 9.9982E-05 0.0739634 9.9982E-05 0.00981928
9.997E-05 9.997E-05 0.9996 9.997E-05 9.997E-05
9.9982E-05 0.882489 9.9982E-05 0.0270042 0.0903066
9.997E-05 9.997E-05 0.9996 9.997E-05 9.997E-05
0.0580239 0.754773 0.187004 9.998E-05 9.998E-05
0.0248349 0.838018 0.113758 0.0199621 0.0034277
9.9973E-05 0.791576 0.208124 9.9973E-05 9.9973E-05
0.0217688 0.808419 0.0424176 0.0753888 0.0520054
0.0450758 0.660433 0.284559 0.00983306 9.9991E-05
0.517745 9.9982E-05 9.9982E-05 0.175849 0.306206
0.261028 0.0628361 9.9982E-05 0.675936 9.9982E-05
0.946389 0.00962914 9.9982E-05 0.0437821 9.9982E-05
9.9982E-05 9.9982E-05 0.00145783 0.893138 0.105205
9.997E-05 0.0323932 9.997E-05 0.967307 9.997E-05
0.9996 9.997E-05 9.997E-05 9.997E-05 9.997E-05
9.997E-05 9.997E-05 9.997E-05 9.997E-05 0.9996
9.997E-05 0.036056 9.997E-05 9.997E-05 0.963644
9.9982E-05 0.0120245 9.9982E-05 0.0232096 0.964566
9.9982E-05 9.9982E-05 0.00573576 0.0256235 0.968441
0.0369994 9.9982E-05 0.0300896 9.9982E-05 0.932711
9.997E-05 9.997E-05 9.997E-05 9.997E-05 0.9996
