9.9991E-05 0.539554 0.460346
0.711334 0.0026711 0.285995
0.9998 9.999E-05 9.999E-05
9.999E-05 0.9998 9.999E-05
0.0502296 0.949487 0.000283741
9.999E-05 0.9998 9.999E-05
9.999E-05 0.9998 9.999E-05
0.552676 9.9991E-05 0.447224
0.899501 9.9991E-05 0.100399
0.858027 9.9991E-05 0.141873
0.842738 0.157162 9.9991E-05
0.886562 0.113338 9.9991E-05
0.912882 9.9991E-05 0.0870178
0.995679 0.00422102 9.9991E-05
0.664125 9.9991E-05 0.335775
9.9991E-05 0.37052 0.62938
0.0781313 0.915776 0.00609242
9.9991E-05 0.39862 0.60128
0.0366661 0.867058 0.0962764
0.070627 0.920975 0.00839791
9.9991E-05 0.947746 0.0521536
0.114017 0.862033 0.0239497
0.022682 0.811502 0.165816
0.815132 9.9991E-05 0.184768
0.872538 0.127362 9.9991E-05
0.994702 9.9991E-05 0.00519819
0.834067 0.0358189 0.130114
0.842237 0.157663 9.9991E-05
0.931684 9.9991E-05 0.0682158
9.999E-05 9.999E-05 0.9998
0.0250594 0.013949 0.960992
0.0265694 9.9991E-05 0.973331
0.0296925 9.9991E-05 0.970207
9.999E-05 9.999E-05 0.9998
9.999E-05 9.999E-05 0.9998
