0.11855 9.9973E-05 0.398136 9.9973E-05 0.220073 9.9973E-05 0.262941
9.9955E-05 9.9955E-05 9.9955E-05 9.9955E-05 9.9955E-05 0.879988 0.119513
9.9964E-05 9.9964E-05 9.9964E-05 0.00402481 0.0449178 0.950658 9.9964E-05
9.9955E-05 0.106473 0.893027 9.9955E-05 9.9955E-05 9.9955E-05 9.9955E-05
0.0137722 0.0173354 0.895032 0.0221346 0.023177 9.9991E-05 0.0284489
9.995E-05 9.995E-05 0.9994 9.995E-05 9.995E-05 9.995E-05 9.995E-05
9.9955E-05 9.9955E-05 0.988699 9.9955E-05 9.9955E-05 0.0108013 9.9955E-05
0.272906 9.9982E-05 9.9982E-05 0.0785195 0.00763217 0.571471 0.0692715
9.9955E-05 9.9955E-05 9.9955E-05 9.9955E-05 9.9955E-05 0.991853 0.00764717
0.0868228 9.9982E-05 9.9982E-05 0.138539 0.0269723 0.734335 0.0131307
9.9973E-05 0.0617218 0.117419 9.9973E-05 0.0863017 0.734257 9.9973E-05
9.9955E-05 9.9955E-05 0.113485 9.9955E-05 9.9955E-05 0.886016 9.9955E-05
9.9955E-05 9.9955E-05 9.9955E-05 9.9955E-05 9.9955E-05 0.962614 0.0368866
9.9955E-05 9.9955E-05 9.9955E-05 9.9955E-05 0.870731 0.128769 9.9955E-05
0.0684482 9.9973E-05 9.9973E-05 9.9973E-05 0.00317166 0.839985 0.088095
9.995E-05 9.995E-05 9.995E-05 9.995E-05 9.995E-05 9.995E-05 0.9994
0.0922813 0.0261461 0.867527 9.9973E-05 9.9973E-05 0.0137452 9.9973E-05
9.995E-05 9.995E-05 9.995E-05 9.995E-05 9.995E-05 9.995E-05 0.9994
9.9973E-05 9.9973E-05 0.750111 0.000761256 9.9973E-05 0.0426861 0.206141
0.00198069 0.0464373 0.801543 0.0105129 9.9991E-05 0.0196833 0.119743
9.996E-05 0.0422043 0.75744 9.996E-05 9.996E-05 9.996E-05 0.199956
0.0511915 9.9982E-05 0.816449 0.00255329 9.9982E-05 0.070092 0.0595144
9.995E-05 0.9994 9.995E-05 9.995E-05 9.995E-05 9.995E-05 9.995E-05
0.201647 9.9964E-05 0.00405006 9.9964E-05 9.9964E-05 0.793903 9.9964E-05
9.99639E-05 9.99639E-05 0.140363 0.0112734 9.99639E-05 0.847964 9.99639E-05
9.995E-05 9.995E-05 9.995E-05 0.9994 9.995E-05 9.995E-05 9.995E-05
9.995E-05 9.995E-05 9.995E-05 9.995E-05 0.9994 9.995E-05 9.995E-05
9.9955E-05 9.9955E-05 0.165986 9.9955E-05 9.9955E-05 0.833514 9.9955E-05
9.995E-05 9.995E-05 9.995E-05 0.9994 9.995E-05 9.995E-05 9.995E-05
0.9994 9.995E-05 9.995E-05 9.995E-05 9.995E-05 9.995E-05 9.995E-05
0.966646 0.00708996 0.0258646 9.9964E-05 9.9964E-05 9.9964E-05 9.9964E-05
0.973204 0.0166341 9.9973E-05 0.00591919 0.00394287 9.9973E-05 9.9973E-05
0.926757 9.9964E-05 9.9964E-05 9.9964E-05 0.0664643 9.9964E-05 0.00637881
0.895497 9.9964E-05 9.9964E-05 0.0703241 9.9964E-05 9.9964E-05 0.0337792
0.9994 9.995E-05 9.995E-05 9.995E-05 9.995E-05 9.995E-05 9.995E-05
