0.208586 9.9982E-05 0.192952 0.432413 9.9982E-05 0.165849
0.13548 0.86154 9.9973E-05 9.9973E-05 9.9973E-05 0.00267991
9.996E-05 0.9995 9.996E-05 9.996E-05 9.996E-05 9.996E-05
9.996E-05 9.996E-05 9.996E-05 0.308793 0.690807 9.996E-05
0.0176547 9.9982E-05 0.0151517 0.934815 9.9982E-05 0.0321785
9.996E-05 9.996E-05 9.996E-05 0.9995 9.996E-05 9.996E-05
9.9964E-05 0.00117966 9.9964E-05 0.99842 9.9964E-05 9.9964E-05
0.0758187 0.629869 0.0285673 9.998E-05 9.998E-05 0.265545
0.021545 0.978055 9.9964E-05 9.9964E-05 9.9964E-05 9.9964E-05
0.0137031 0.846543 0.0508644 9.9982E-05 9.9982E-05 0.0886895
9.998E-05 0.770609 0.0300957 0.0103283 0.188767 9.998E-05
9.9973E-05 0.880012 9.9973E-05 0.105315 0.0143728 9.9973E-05
0.000756982 0.129909 0.869034 9.9973E-05 9.9973E-05 9.9973E-05
9.9973E-05 0.979243 9.9973E-05 0.00283428 0.0176229 9.9973E-05
0.104129 0.797294 0.00265586 9.9982E-05 9.9982E-05 0.0957205
0.9995 9.996E-05 9.996E-05 9.996E-05 9.996E-05 9.996E-05
9.996E-05 9.996E-05 9.996E-05 9.996E-05 0.9995 9.996E-05
0.997228 9.9964E-05 9.9964E-05 9.9964E-05 0.00237166 9.9964E-05
0.207486 0.0363089 9.9973E-05 0.755906 9.9973E-05 9.9973E-05
9.996E-05 9.996E-05 9.996E-05 9.996E-05 0.9995 9.996E-05
0.189953 9.9973E-05 9.9973E-05 0.754418 0.0553298 9.9973E-05
0.0522837 0.0726821 9.999E-05 0.789476 0.0353182 0.0501399
0.17999 9.9973E-05 0.0137274 9.9973E-05 0.805982 9.9973E-05
9.9973E-05 0.772656 9.9973E-05 9.9973E-05 0.0143633 0.212681
9.998E-05 0.806583 0.0488686 0.120621 0.0237281 9.998E-05
9.9973E-05 0.991358 9.9973E-05 9.9973E-05 0.000294492 0.00804721
9.996E-05 9.996E-05 0.9995 9.996E-05 9.996E-05 9.996E-05
9.9973E-05 0.823161 9.9973E-05 0.173274 0.0032649 9.9973E-05
0.0164549 0.940571 0.0139031 9.9982E-05 9.9982E-05 0.0288714
9.9964E-05 9.9964E-05 9.9964E-05 9.9964E-05 0.00502667 0.994573
9.9964E-05 9.9964E-05 9.9964E-05 0.0357384 9.9964E-05 0.963862
9.9964E-05 9.9964E-05 9.9964E-05 0.0121471 9.9964E-05 0.987453
9.9973E-05 9.9973E-05 0.074658 9.9973E-05 0.0042224 0.92082
0.0234456 0.00186974 9.9973E-05 9.9973E-05 9.9973E-05 0.974385
9.996E-05 9.996E-05 9.996E-05 9.996E-05 9.996E-05 0.9995
