9.9946E-05 0.519021 9.9946E-05 9.9946E-05 9.9946E-05 9.9946E-05 0.414674 9.9946E-05 0.0657055
0.00221633 9.9973E-05 0.0321342 0.101167 0.733078 0.0139186 9.9973E-05 9.9973E-05 0.117186
9.9946E-05 9.9946E-05 0.0180182 0.968948 9.9946E-05 9.9946E-05 9.9946E-05 0.0124342 9.9946E-05
9.9937E-05 0.832343 9.9937E-05 9.9937E-05 9.9937E-05 9.9937E-05 9.9937E-05 0.166958 9.9937E-05
0.00707668 9.9946E-05 9.9946E-05 9.9946E-05 9.9946E-05 9.9946E-05 9.9946E-05 0.945937 0.046387
9.993E-05 9.993E-05 9.993E-05 9.993E-05 9.993E-05 9.993E-05 9.993E-05 0.999201 9.993E-05
9.99459E-05 0.412845 0.0158321 9.99459E-05 9.99459E-05 9.99459E-05 9.99459E-05 0.570723 9.99459E-05
0.0131253 9.9973E-05 9.9973E-05 0.00114456 0.801749 0.113971 0.0284457 9.9973E-05 0.041265
9.993E-05 9.993E-05 9.993E-05 0.999201 9.993E-05 9.993E-05 9.993E-05 9.993E-05 9.993E-05
0.0224424 9.9982E-05 0.0849221 0.171263 0.600478 0.047864 0.0724241 9.9982E-05 0.000405888
9.9946E-05 0.0260413 0.970317 0.00304234 9.9946E-05 9.9946E-05 9.9946E-05 9.9946E-05 9.9946E-05
9.993E-05 9.993E-05 0.999201 9.993E-05 9.993E-05 9.993E-05 9.993E-05 9.993E-05 9.993E-05
9.9937E-05 9.9937E-05 9.9937E-05 9.9937E-05 0.992949 9.9937E-05 9.9937E-05 0.00635142 9.9937E-05
9.9955E-05 9.9955E-05 0.0237334 0.042989 0.906458 9.9955E-05 9.9955E-05 0.0263198 9.9955E-05
0.000590578 9.9946E-05 9.9946E-05 0.944515 9.9946E-05 9.9946E-05 9.9946E-05 9.9946E-05 0.0542944
9.993E-05 9.993E-05 9.993E-05 9.993E-05 9.993E-05 9.993E-05 9.993E-05 9.993E-05 0.999201
0.00410644 0.976811 0.00870312 9.9955E-05 9.9955E-05 9.9955E-05 0.00987996 9.9955E-05 9.9955E-05
9.993E-05 9.993E-05 9.993E-05 9.993E-05 9.993E-05 9.993E-05 9.993E-05 9.993E-05 0.999201
0.00340347 0.818403 9.9973E-05 0.00548857 0.0241225 9.9973E-05 9.9973E-05 0.0343946 0.113888
9.9946E-05 0.987999 9.9946E-05 9.9946E-05 0.00185937 9.9946E-05 9.9946E-05 9.9946E-05 0.00954216
9.9946E-05 0.818963 9.9946E-05 9.9946E-05 9.9946E-05 9.9946E-05 9.9946E-05 0.079152 0.101285
0.00496778 0.798995 0.0831413 9.9982E-05 0.00879315 0.00658499 0.012861 0.084457 9.9982E-05
9.9973E-05 0.712293 9.9973E-05 0.0264208 0.00986613 0.0121035 9.9973E-05 0.0434126 0.195604
9.995E-05 9.995E-05 0.20982 0.128415 0.149147 9.995E-05 0.512119 9.995E-05 9.995E-05
0.0288958 0.00462663 0.713396 0.0570939 0.152062 0.00661545 9.9982E-05 0.0371106 9.9982E-05
0.000193786 9.9937E-05 9.9937E-05 9.9937E-05 0.999107 9.9937E-05 9.9937E-05 9.9937E-05 9.9937E-05
9.9946E-05 9.9946E-05 0.000311627 9.9946E-05 9.9946E-05 9.9946E-05 0.968984 0.0301051 9.9946E-05
9.9937E-05 9.9937E-05 0.992716 9.9937E-05 9.9937E-05 9.9937E-05 9.9937E-05 9.9937E-05 0.00658422
9.993E-05 9.993E-05 9.993E-05 9.993E-05 0.999201 9.993E-05 9.993E-05 9.993E-05 9.993E-05
0.0289991 9.9946E-05 9.9946E-05 9.9946E-05 9.9946E-05 0.0397623 0.930639 9.9946E-05 9.9946E-05
9.9946E-05 0.00957982 9.9946E-05 9.9946E-05 9.9946E-05 0.988953 9.9946E-05 0.000867371 9.9946E-05
0.0216581 9.9973E-05 0.00291468 9.9973E-05 9.9973E-05 0.954764 0.0121611 0.00598119 0.00222091
0.00137399 9.9946E-05 9.9946E-05 9.9946E-05 9.9946E-05 0.00635393 0.991672 9.9946E-05 9.9946E-05
0.999201 9.993E-05 9.993E-05 9.993E-05 9.993E-05 9.993E-05 9.993E-05 9.993E-05 9.993E-05
0.00176646 9.9937E-05 9.9937E-05 9.9937E-05 9.9937E-05 0.997534 9.9937E-05 9.9937E-05 9.9937E-05
