0.534299 9.9991E-05 0.465601
0.00170209 0.727143 0.271155
9.999E-05 0.9998 9.999E-05
0.9998 9.999E-05 9.999E-05
0.951771 0.04597 0.00225939
0.9998 9.999E-05 9.999E-05
0.9998 9.999E-05 9.999E-05
9.999E-05 0.505948 0.493952
9.9991E-05 0.914582 0.0853176
9.9991E-05 0.85367 0.14623
0.153824 0.846076 9.9991E-05
0.111628 0.888272 9.9991E-05
9.9991E-05 0.920251 0.0796485
0.00293461 0.996965 9.9991E-05
9.9991E-05 0.648283 0.351617
0.370456 9.9991E-05 0.629444
0.912213 0.0707548 0.0170325
0.389646 9.9991E-05 0.610254
0.866376 0.0408088 0.0928147
0.917406 0.0536611 0.0289333
0.947431 9.9991E-05 0.0524692
0.864346 0.112045 0.0236096
0.805185 0.0134761 0.181339
9.9991E-05 0.843353 0.156547
0.125165 0.874735 9.9991E-05
9.9991E-05 0.970476 0.029424
0.0347314 0.780719 0.184549
0.15841 0.84149 9.9991E-05
9.9991E-05 0.892226 0.107674
9.999E-05 9.999E-05 0.9998
0.0142678 0.0561541 0.929578
9.9991E-05 0.0347628 0.965137
9.9991E-05 0.0158644 0.984036
9.999E-05 9.999E-05 0.9998
9.999E-05 9.999E-05 0.9998
