0.431246 0.348249 9.9982E-05 9.9982E-05 0.204184 0.0161213
9.9964E-05 9.9964E-05 0.89009 9.9964E-05 0.109511 9.9964E-05
9.996E-05 9.996E-05 9.996E-05 0.9995 9.996E-05 9.996E-05
0.9995 9.996E-05 9.996E-05 9.996E-05 9.996E-05 9.996E-05
0.910833 9.9982E-05 0.00316203 9.9982E-05 0.0282832 0.0575218
0.9995 9.996E-05 9.996E-05 9.996E-05 9.996E-05 9.996E-05
0.9817 9.9964E-05 9.9964E-05 0.0179005 9.9964E-05 9.9964E-05
9.9982E-05 0.102008 0.775861 9.9982E-05 0.0560782 0.0658528
9.9964E-05 9.9964E-05 0.999226 9.9964E-05 0.000374419 9.9964E-05
9.9991E-05 0.0250494 0.888231 0.0267218 0.0004964 0.0594018
0.154123 9.9973E-05 0.128929 0.716649 9.9973E-05 9.9973E-05
0.122858 9.9964E-05 0.876743 9.9964E-05 9.9964E-05 9.9964E-05
9.9964E-05 9.9964E-05 0.970807 9.9964E-05 0.0287933 9.9964E-05
9.996E-05 9.996E-05 9.996E-05 0.9995 9.996E-05 9.996E-05
9.9991E-05 0.0338392 0.844239 0.0206829 0.0838426 0.0172964
9.996E-05 9.996E-05 9.996E-05 9.996E-05 0.9995 9.996E-05
0.888557 0.100979 0.0101643 9.9973E-05 9.9973E-05 9.9973E-05
9.996E-05 9.996E-05 9.996E-05 9.996E-05 0.9995 9.996E-05
0.748987 9.9973E-05 0.0516324 9.9973E-05 0.19908 9.9973E-05
0.844749 0.0065693 0.0303919 9.999E-05 0.117649 0.000540914
0.801673 9.9964E-05 9.9964E-05 9.9964E-05 0.197927 9.9964E-05
0.818797 0.0461926 0.0897553 9.998E-05 0.0450552 9.998E-05
0.65171 9.9982E-05 9.9982E-05 0.0408238 0.288232 0.0190343
0.00639572 0.215891 0.777413 9.9973E-05 9.9973E-05 9.9973E-05
0.14864 9.9982E-05 0.789939 0.0422933 9.9982E-05 0.0189274
9.996E-05 9.996E-05 0.9995 9.996E-05 9.996E-05 9.996E-05
0.0159616 9.9973E-05 9.9973E-05 0.0149617 9.9973E-05 0.968777
0.175382 9.9982E-05 0.745939 0.0615965 9.9982E-05 0.0168825
9.9982E-05 0.000892616 0.9844 9.9982E-05 0.002904 0.0116036
9.996E-05 0.9995 9.996E-05 9.996E-05 9.996E-05 9.996E-05
9.996E-05 9.996E-05 9.996E-05 9.996E-05 9.996E-05 0.9995
9.996E-05 0.0841648 9.996E-05 9.996E-05 9.996E-05 0.915435
9.9973E-05 0.958532 9.9973E-05 0.00191245 9.9973E-05 0.0392558
9.996E-05 0.98643 9.996E-05 9.996E-05 0.0131704 9.996E-05
9.996E-05 0.9995 9.996E-05 9.996E-05 9.996E-05 9.996E-05
