0.00919704 0.432115 0.325718 0.232971
0.840162 9.9991E-05 0.0189178 0.14082
0.9997 9.998E-05 9.998E-05 9.998E-05
9.998E-05 0.9997 9.998E-05 9.998E-05
0.0211229 0.913535 0.0307163 0.0346257
9.998E-05 0.9997 9.998E-05 9.998E-05
0.00372463 0.996075 9.9982E-05 9.9982E-05
0.675707 9.9991E-05 0.259398 0.0647951
0.972118 9.9991E-05 0.00700224 0.0207802
0.915353 9.9991E-05 0.0691625 0.0153848
0.819608 0.180192 9.998E-05 9.998E-05
0.871173 0.128627 9.9982E-05 9.9982E-05
0.951274 9.9982E-05 9.9982E-05 0.0485263
0.978652 0.0211481 9.9982E-05 9.9982E-05
0.827161 9.9991E-05 0.0656352 0.107104
9.998E-05 9.998E-05 9.998E-05 0.9997
0.00266635 0.894495 0.102738 9.9991E-05
9.998E-05 9.998E-05 9.998E-05 0.9997
0.0386305 0.751978 9.9991E-05 0.209292
0.0311615 0.840436 0.00469302 0.12371
9.998E-05 0.796514 9.998E-05 0.203286
0.0718061 0.825473 0.0567564 0.0459647
0.0328629 0.653772 0.00323502 0.31013
0.720178 0.0108633 0.268859 9.999E-05
0.851363 0.148437 9.998E-05 9.998E-05
0.999173 0.00062656 9.9982E-05 9.9982E-05
0.754938 0.050497 0.189901 0.00466436
0.821291 0.17851 9.9982E-05 9.9982E-05
0.979809 9.9982E-05 9.9982E-05 0.019991
9.998E-05 9.998E-05 0.9997 9.998E-05
9.9982E-05 0.0318279 0.967972 9.9982E-05
9.9982E-05 0.00549464 0.994305 9.9982E-05
9.998E-05 9.998E-05 0.9997 9.998E-05
9.9982E-05 9.9982E-05 0.973457 0.0263431
9.998E-05 9.998E-05 0.9997 9.998E-05
