9.995E-05 9.995E-05 9.995E-05 9.995E-05 9.995E-05 9.995E-05 0.9994
0.0215916 9.9973E-05 9.9973E-05 0.0124547 0.83191 0.133744 9.9973E-05
9.9955E-05 9.9955E-05 0.000127969 9.9955E-05 0.999372 9.9955E-05 9.9955E-05
9.9955E-05 0.998712 9.9955E-05 9.9955E-05 9.9955E-05 9.9955E-05 0.000788654
0.0300409 0.916265 9.9982E-05 0.0111148 0.0119851 0.0303939 9.9982E-05
9.995E-05 0.9994 9.995E-05 9.995E-05 9.995E-05 9.995E-05 9.995E-05
9.9964E-05 0.98613 0.00387296 9.9964E-05 0.00959761 9.9964E-05 9.9964E-05
0.247076 9.9973E-05 9.9973E-05 0.0407168 0.635792 0.0761154 9.9973E-05
9.9955E-05 9.9955E-05 9.9955E-05 9.9955E-05 0.981995 0.0175057 9.9955E-05
0.0648925 9.9973E-05 9.9973E-05 0.0273187 0.892579 0.0149102 9.9973E-05
9.9973E-05 0.165215 0.0668478 9.9973E-05 0.760673 9.9973E-05 0.00696444
9.9964E-05 0.122498 0.0397542 9.9964E-05 0.837348 9.9964E-05 9.9964E-05
9.995E-05 9.995E-05 9.995E-05 0.9994 9.995E-05 9.995E-05 9.995E-05
9.9955E-05 0.0254854 9.9955E-05 9.9955E-05 0.974015 9.9955E-05 9.9955E-05
0.0563679 9.9973E-05 9.9973E-05 0.00783316 0.834936 0.100563 9.9973E-05
9.995E-05 9.995E-05 9.995E-05 9.995E-05 9.995E-05 0.9994 9.995E-05
0.0932538 0.884726 0.0125498 9.9973E-05 0.00917016 9.9973E-05 9.9973E-05
9.995E-05 9.995E-05 9.995E-05 9.995E-05 9.995E-05 0.9994 9.995E-05
0.00458536 0.746782 0.0279776 0.0162737 9.9982E-05 0.204181 9.9982E-05
9.9973E-05 0.845003 9.9973E-05 0.00610457 0.023999 0.124593 9.9973E-05
9.99639E-05 0.714697 9.99639E-05 9.99639E-05 9.99639E-05 0.127875 0.157028
0.0606095 0.809174 0.0550792 0.00203104 0.0202798 0.0430815 0.00974532
0.00573271 0.653505 9.9991E-05 0.000828936 0.030902 0.296463 0.0124689
0.267469 0.010431 0.0453935 9.9973E-05 0.676406 9.9973E-05 9.9973E-05
9.9973E-05 0.137624 0.113497 0.0497289 0.698849 9.9973E-05 9.9973E-05
9.9964E-05 0.00298607 0.00795848 9.9964E-05 0.988656 9.9964E-05 9.9964E-05
0.0252916 9.9973E-05 0.00350691 9.9973E-05 0.824699 9.9973E-05 0.146202
9.995E-05 9.995E-05 0.9994 9.995E-05 9.995E-05 9.995E-05 9.995E-05
9.9955E-05 9.9955E-05 9.9955E-05 9.9955E-05 0.981105 0.0183953 9.9955E-05
0.982842 9.9955E-05 0.0166584 9.9955E-05 9.9955E-05 9.9955E-05 9.9955E-05
0.952377 0.0381 9.9964E-05 0.00912357 9.9964E-05 9.9964E-05 9.9964E-05
0.980344 0.0165631 0.00269278 9.9964E-05 9.9964E-05 9.9964E-05 9.9964E-05
0.867602 9.9973E-05 9.9973E-05 0.011634 0.00381909 9.9973E-05 0.116645
0.964591 9.9955E-05 9.9955E-05 9.9955E-05 9.9955E-05 0.0349092 9.9955E-05
0.991646 9.9955E-05 9.9955E-05 0.00785386 9.9955E-05 9.9955E-05 9.9955E-05
