0.237619 0.237645 0.429662 9.9991E-05 0.0949742
0.128763 0.0164279 9.9982E-05 0.854609 9.9982E-05
9.997E-05 9.997E-05 9.997E-05 0.9996 9.997E-05
9.997E-05 9.997E-05 0.9996 9.997E-05 9.997E-05
0.0320881 0.0105877 0.909366 9.9991E-05 0.0478584
9.997E-05 9.997E-05 0.9996 9.997E-05 9.997E-05
9.9973E-05 9.9973E-05 0.990545 0.0091554 9.9973E-05
0.0780304 0.275674 9.9991E-05 0.515357 0.130839
0.0192917 0.0147937 9.9982E-05 0.965715 9.9982E-05
0.0134607 0.103902 9.9991E-05 0.710104 0.172434
9.9982E-05 9.9982E-05 0.171271 0.821582 0.00694651
9.9973E-05 9.9973E-05 0.116249 0.883451 9.9973E-05
0.0492292 9.9982E-05 9.9982E-05 0.9503 0.000270979
9.9973E-05 9.9973E-05 0.00929098 0.990409 9.9973E-05
0.0937993 0.0898547 9.9991E-05 0.812441 0.00380493
0.9996 9.997E-05 9.997E-05 9.997E-05 9.997E-05
9.998E-05 0.0919066 0.887057 0.0208362 9.998E-05
0.9996 9.997E-05 9.997E-05 9.997E-05 9.997E-05
0.210914 9.9982E-05 0.746232 0.0426538 9.9982E-05
0.127473 9.9991E-05 0.839646 0.0177345 0.0150464
0.199223 9.9973E-05 0.800477 9.9973E-05 9.9973E-05
0.0447201 0.0559461 0.822958 0.0762757 9.9991E-05
0.297182 9.9991E-05 0.656772 0.0413891 0.0045566
9.9982E-05 0.215627 0.000322107 0.783851 9.9982E-05
9.9982E-05 9.9982E-05 0.13988 0.827109 0.0328113
9.997E-05 9.997E-05 9.997E-05 0.0575846 0.942116
9.9973E-05 9.9973E-05 0.0217948 9.9973E-05 0.977905
9.997E-05 9.997E-05 0.165575 0.834125 9.997E-05
9.997E-05 9.997E-05 9.997E-05 9.997E-05 0.9996
9.997E-05 0.9996 9.997E-05 9.997E-05 9.997E-05
9.9973E-05 0.968793 0.030907 9.9973E-05 9.9973E-05
9.9982E-05 0.984927 0.0114225 9.9982E-05 0.00345058
0.000506751 0.961767 9.9982E-05 9.9982E-05 0.037526
0.0251476 0.922678 9.9982E-05 9.9982E-05 0.0519748
9.997E-05 0.9996 9.997E-05 9.997E-05 9.997E-05
