0.55946 0.112605 0.321286 0.00654907 9.9991E-05
9.998E-05 0.133669 0.0263323 0.839799 9.998E-05
9.997E-05 9.997E-05 9.997E-05 0.9996 9.997E-05
0.743514 9.9973E-05 9.9973E-05 9.9973E-05 0.256186
9.9982E-05 0.0243412 0.0344576 9.9982E-05 0.941001
9.997E-05 9.997E-05 9.997E-05 9.997E-05 0.9996
9.9973E-05 9.9973E-05 9.9973E-05 0.00199643 0.997704
9.998E-05 0.0670128 0.292623 0.640164 9.998E-05
9.998E-05 0.0253407 0.00138015 0.973079 9.998E-05
9.998E-05 0.0156679 0.0763055 0.907827 9.998E-05
0.207117 9.9973E-05 9.9973E-05 0.792583 9.9973E-05
0.0429239 9.9982E-05 9.9982E-05 0.869716 0.0871601
9.9973E-05 0.0486058 9.9973E-05 0.951094 9.9973E-05
0.0125973 9.9982E-05 9.9982E-05 0.977732 0.00947033
9.9982E-05 0.098442 0.113556 0.787802 9.9982E-05
9.997E-05 0.9996 9.997E-05 9.997E-05 9.997E-05
0.9996 9.997E-05 9.997E-05 9.997E-05 9.997E-05
9.997E-05 0.9996 9.997E-05 9.997E-05 9.997E-05
0.00576712 0.21892 9.9991E-05 0.0240325 0.751181
0.989891 0.00980896 9.9973E-05 9.9973E-05 9.9973E-05
0.29268 0.165271 9.9982E-05 9.9982E-05 0.541849
0.0682011 0.0618204 0.0589298 0.0543944 0.756654
0.815676 0.172117 9.9982E-05 0.0120067 9.9982E-05
0.013315 9.9982E-05 0.212435 0.77405 9.9982E-05
0.0219199 9.9982E-05 9.9982E-05 0.850847 0.127033
9.99734E-05 9.99734E-05 0.00130586 0.998394 9.99734E-05
0.065154 9.9982E-05 0.221928 0.712718 9.9982E-05
0.0127558 9.9982E-05 9.9982E-05 0.82568 0.161364
9.9982E-05 0.0196003 0.0201035 0.960096 9.9982E-05
0.00106833 9.9973E-05 0.998632 9.9973E-05 9.9973E-05
9.9973E-05 9.9973E-05 0.960165 9.9973E-05 0.0395347
9.9973E-05 9.9973E-05 0.985371 9.9973E-05 0.014329
0.0119103 9.997E-05 0.98779 9.997E-05 9.997E-05
9.9973E-05 0.0238008 0.975899 9.9973E-05 9.9973E-05
9.997E-05 9.997E-05 0.9996 9.997E-05 9.997E-05
