9.99201E-05 9.99201E-05 0.999101 9.99201E-05 9.99201E-05 9.99201E-05 9.99201E-05 9.99201E-05 9.99201E-05 9.99201E-05
9.99201E-05 0.999101 9.99201E-05 9.99201E-05 9.99201E-05 9.99201E-05 9.99201E-05 9.99201E-05 9.99201E-05 9.99201E-05
9.99201E-05 9.99201E-05 9.99201E-05 9.99201E-05 9.99201E-05 9.99201E-05 0.999101 9.99201E-05 9.99201E-05 9.99201E-05
9.9928E-05 9.9928E-05 0.000470362 9.9928E-05 9.9928E-05 0.99873 9.9928E-05 9.9928E-05 9.9928E-05 9.9928E-05
0.0219187 0.000960733 9.9973E-05 9.9973E-05 9.9973E-05 0.912525 0.00336822 0.028518 0.00688801 0.0255215
9.99201E-05 9.99201E-05 9.99201E-05 9.99201E-05 9.99201E-05 0.999101 9.99201E-05 9.99201E-05 9.99201E-05 9.99201E-05
9.9928E-05 9.9928E-05 9.9928E-05 0.0189471 9.9928E-05 0.980254 9.9928E-05 9.9928E-05 9.9928E-05 9.9928E-05
0.886948 0.000231165 9.9964E-05 0.00996518 9.9964E-05 9.9964E-05 0.0740403 0.00310598 9.9964E-05 0.02531
0.00770767 0.0561613 9.9955E-05 9.9955E-05 0.0213135 9.9955E-05 0.906423 9.9955E-05 9.9955E-05 0.00789459
0.045133 0.0144851 9.9982E-05 0.0757098 0.0423245 9.9982E-05 0.73349 0.0270957 0.0590863 0.00247588
9.9946E-05 9.9946E-05 0.0051097 0.959384 9.9946E-05 0.016793 9.9946E-05 0.0181137 9.9946E-05 9.9946E-05
9.99201E-05 9.99201E-05 9.99201E-05 0.999101 9.99201E-05 9.99201E-05 9.99201E-05 9.99201E-05 9.99201E-05 9.99201E-05
0.0153736 9.9946E-05 0.023977 9.9946E-05 9.9946E-05 9.9946E-05 0.94216 9.9946E-05 9.9946E-05 0.01789
9.99201E-05 9.99201E-05 9.99201E-05 9.99201E-05 9.99201E-05 0.0275399 0.971661 9.99201E-05 9.99201E-05 9.99201E-05
0.00938456 0.029268 9.9973E-05 9.9973E-05 0.00797562 9.9973E-05 0.802522 0.000367616 0.0678744 0.0823081
9.9928E-05 0.00170936 9.9928E-05 9.9928E-05 9.9928E-05 9.9928E-05 9.9928E-05 9.9928E-05 9.9928E-05 0.997491
9.9955E-05 9.9955E-05 9.9955E-05 0.0285238 0.0923965 0.87457 9.9955E-05 9.9955E-05 0.00206384 0.00194595
9.99201E-05 9.99201E-05 9.99201E-05 9.99201E-05 9.99201E-05 9.99201E-05 9.99201E-05 9.99201E-05 9.99201E-05 0.999101
0.0122087 0.03552 9.9973E-05 0.00065295 9.9973E-05 0.757927 0.00974634 9.9973E-05 0.00228417 0.181361
9.9982E-05 0.00689823 9.9982E-05 0.00909402 0.00475107 0.834957 0.00850704 0.00899144 0.00317422 0.123427
9.99369E-05 9.99369E-05 0.150835 9.99369E-05 9.99369E-05 0.717657 9.99369E-05 9.99369E-05 9.99369E-05 0.130809
0.00923592 0.00695258 0.00724896 0.0673896 0.0566539 0.807506 9.9982E-05 9.9982E-05 0.00427373 0.0405395
0.013976 0.000891009 0.0195606 0.0213969 9.9991E-05 0.646974 0.0141684 0.00694522 0.00392809 0.27206
9.9955E-05 0.0159375 9.9955E-05 0.0691045 0.893164 9.9955E-05 0.0187274 0.00256644 9.9955E-05 9.9955E-05
9.9964E-05 0.0141005 9.9964E-05 0.650787 9.9964E-05 0.0499186 0.228061 0.0096287 0.0471044 9.9964E-05
9.9946E-05 9.9946E-05 9.9946E-05 0.0156314 0.00127053 0.00247458 0.980024 9.9946E-05 9.9946E-05 9.9946E-05
9.99201E-05 9.99201E-05 9.99201E-05 9.99201E-05 9.99201E-05 9.99201E-05 9.99201E-05 0.999101 9.99201E-05 9.99201E-05
9.9937E-05 9.9937E-05 9.9937E-05 0.985111 0.00718419 9.9937E-05 9.9937E-05 9.9937E-05 9.9937E-05 0.00700503
9.9937E-05 9.9937E-05 9.9937E-05 9.9937E-05 9.9937E-05 9.9937E-05 0.983561 0.0155302 9.9937E-05 0.000208904
9.99201E-05 9.99201E-05 9.99201E-05 9.99201E-05 0.999101 9.99201E-05 9.99201E-05 9.99201E-05 9.99201E-05 9.99201E-05
9.9928E-05 9.9928E-05 9.9928E-05 9.9928E-05 9.9928E-05 0.0288459 9.9928E-05 9.9928E-05 0.970355 9.9928E-05
9.9928E-05 9.9928E-05 9.9928E-05 9.9928E-05 9.9928E-05 0.000419593 9.9928E-05 9.9928E-05 0.998781 9.9928E-05
0.0145934 0.00565754 0.106906 9.9973E-05 0.0465627 9.9973E-05 0.0178149 0.013655 0.794511 9.9973E-05
9.9928E-05 9.9928E-05 9.9928E-05 9.9928E-05 9.9928E-05 9.9928E-05 9.9928E-05 9.9928E-05 0.981602 0.0175987
0.999101 9.99201E-05 9.99201E-05 9.99201E-05 9.99201E-05 9.99201E-05 9.99201E-05 9.99201E-05 9.99201E-05 9.99201E-05
