9.99201E-05 9.99201E-05 9.99201E-05 9.99201E-05 9.99201E-05 9.99201E-05 9.99201E-05 9.99201E-05 0.999101 9.99201E-05
9.9937E-05 9.9937E-05 0.968915 0.0034039 0.0269818 9.9937E-05 9.9937E-05 9.9937E-05 9.9937E-05 9.9937E-05
0.00500329 9.9946E-05 9.9946E-05 0.00764972 9.9946E-05 9.9946E-05 0.984124 0.00262362 9.9946E-05 9.9946E-05
9.9928E-05 9.9928E-05 9.9928E-05 9.9928E-05 9.9928E-05 9.9928E-05 9.9928E-05 9.9928E-05 0.00346154 0.995739
9.99551E-05 0.0336282 9.99551E-05 9.99551E-05 0.0184884 0.0224377 0.00782331 9.99551E-05 9.99551E-05 0.917123
9.99201E-05 9.99201E-05 9.99201E-05 9.99201E-05 9.99201E-05 9.99201E-05 9.99201E-05 9.99201E-05 9.99201E-05 0.999101
0.0100131 9.9946E-05 9.9946E-05 0.00465295 9.9946E-05 9.9946E-05 0.00895262 9.9946E-05 9.9946E-05 0.975782
9.9964E-05 0.0876925 0.514591 9.9964E-05 0.0343092 0.274159 0.0814815 0.00736676 9.9964E-05 9.9964E-05
9.99201E-05 9.99201E-05 0.999101 9.99201E-05 9.99201E-05 9.99201E-05 9.99201E-05 9.99201E-05 9.99201E-05 9.99201E-05
0.0747539 0.32603 0.273822 0.0554383 0.00145398 0.105548 0.116633 0.0461207 9.9982E-05 9.9982E-05
9.99201E-05 9.99201E-05 9.99201E-05 0.999101 9.99201E-05 9.99201E-05 9.99201E-05 9.99201E-05 9.99201E-05 9.99201E-05
0.957052 9.9928E-05 9.9928E-05 9.9928E-05 9.9928E-05 9.9928E-05 9.9928E-05 9.9928E-05 9.9928E-05 0.0421482
9.99201E-05 9.99201E-05 9.99201E-05 9.99201E-05 9.99201E-05 9.99201E-05 0.999101 9.99201E-05 9.99201E-05 9.99201E-05
0.984042 9.9928E-05 9.9928E-05 9.9928E-05 9.9928E-05 9.9928E-05 0.0151588 9.9928E-05 9.9928E-05 9.9928E-05
9.9928E-05 9.9928E-05 0.997733 9.9928E-05 0.0014676 9.9928E-05 9.9928E-05 9.9928E-05 9.9928E-05 9.9928E-05
9.99201E-05 9.99201E-05 9.99201E-05 9.99201E-05 0.999101 9.99201E-05 9.99201E-05 9.99201E-05 9.99201E-05 9.99201E-05
9.99369E-05 9.99369E-05 9.99369E-05 0.0293417 9.99369E-05 9.99369E-05 9.99369E-05 0.0937567 9.99369E-05 0.876202
9.99201E-05 9.99201E-05 9.99201E-05 9.99201E-05 0.999101 9.99201E-05 9.99201E-05 9.99201E-05 9.99201E-05 9.99201E-05
9.9955E-05 9.9955E-05 0.0478258 0.00248257 0.180024 9.9955E-05 0.0118454 9.9955E-05 9.9955E-05 0.757322
9.9973E-05 0.0209097 0.00672337 0.00624904 0.120012 9.9973E-05 0.00250372 0.00273608 9.9973E-05 0.840566
9.99369E-05 9.99369E-05 9.99369E-05 9.99369E-05 0.125198 9.99369E-05 9.99369E-05 9.99369E-05 0.159334 0.714768
0.0130042 9.9982E-05 0.0162679 0.055465 0.0443393 0.00204898 9.9982E-05 0.0583154 0.00827338 0.802086
9.9964E-05 9.9964E-05 0.0397517 0.0180366 0.2694 0.00241889 9.9964E-05 9.9964E-05 0.0153331 0.654659
0.013277 9.9946E-05 0.0389107 0.047879 9.9946E-05 9.9946E-05 9.9946E-05 0.899334 9.9946E-05 9.9946E-05
0.00153775 0.0590209 0.0735963 0.743511 9.9982E-05 0.0357707 0.0619131 0.000722637 9.9982E-05 0.0237281
0.00226746 0.996055 9.9937E-05 0.000977678 9.9937E-05 9.9937E-05 9.9937E-05 9.9937E-05 9.9937E-05 9.9937E-05
9.9928E-05 0.935626 9.9928E-05 9.9928E-05 9.9928E-05 9.9928E-05 9.9928E-05 9.9928E-05 0.0635749 9.9928E-05
9.99201E-05 9.99201E-05 9.99201E-05 0.999101 9.99201E-05 9.99201E-05 9.99201E-05 9.99201E-05 9.99201E-05 9.99201E-05
9.99201E-05 0.999101 9.99201E-05 9.99201E-05 9.99201E-05 9.99201E-05 9.99201E-05 9.99201E-05 9.99201E-05 9.99201E-05
9.99201E-05 9.99201E-05 9.99201E-05 9.99201E-05 9.99201E-05 9.99201E-05 9.99201E-05 0.999101 9.99201E-05 9.99201E-05
9.9928E-05 9.9928E-05 9.9928E-05 9.9928E-05 9.9928E-05 0.967404 9.9928E-05 9.9928E-05 9.9928E-05 0.0317967
9.9928E-05 9.9928E-05 9.9928E-05 9.9928E-05 9.9928E-05 0.988537 9.9928E-05 9.9928E-05 9.9928E-05 0.010664
9.9955E-05 0.0111257 9.9955E-05 9.9955E-05 9.9955E-05 0.826257 0.0142207 0.0380555 0.109841 9.9955E-05
9.9937E-05 0.0183217 9.9937E-05 9.9937E-05 0.0298878 0.951091 9.9937E-05 9.9937E-05 9.9937E-05 9.9937E-05
9.9928E-05 9.9928E-05 9.9928E-05 9.9928E-05 9.9928E-05 0.992569 9.9928E-05 0.0066315 9.9928E-05 9.9928E-05
