9.993E-05 0.999201 9.993E-05 9.993E-05 9.993E-05 9.993E-05 9.993E-05 9.993E-05 9.993E-05
0.0469886 9.9937E-05 9.9937E-05 9.9937E-05 9.9937E-05 9.9937E-05 9.9937E-05 0.952312 9.9937E-05
9.9937E-05 9.9937E-05 9.9937E-05 9.9937E-05 9.9937E-05 9.9937E-05 0.001927 9.9937E-05 0.997373
9.9937E-05 9.9937E-05 0.168854 0.830447 9.9937E-05 9.9937E-05 9.9937E-05 9.9937E-05 9.9937E-05
0.0478823 9.9946E-05 0.943225 9.9946E-05 9.9946E-05 9.9946E-05 0.0082933 9.9946E-05 9.9946E-05
9.993E-05 9.993E-05 0.999201 9.993E-05 9.993E-05 9.993E-05 9.993E-05 9.993E-05 9.993E-05
9.99549E-05 0.00216548 0.625163 0.361852 9.99549E-05 9.99549E-05 9.99549E-05 9.99549E-05 0.0103201
0.0295635 9.9973E-05 9.9973E-05 9.9973E-05 0.181428 0.00213457 0.0108415 0.759636 0.0160962
9.993E-05 9.993E-05 9.993E-05 9.993E-05 9.993E-05 9.993E-05 9.993E-05 0.999201 9.993E-05
9.99639E-05 9.99639E-05 9.99639E-05 9.99639E-05 0.0964075 0.0657862 0.0105616 0.539216 0.287629
9.9955E-05 0.00936342 9.9955E-05 0.167808 9.9955E-05 0.165997 9.9955E-05 9.9955E-05 0.656332
9.9955E-05 9.9955E-05 0.046219 0.0799205 9.9955E-05 0.0250204 9.9955E-05 0.84834 9.9955E-05
9.9946E-05 0.00765698 0.00331051 9.9946E-05 9.9946E-05 9.9946E-05 9.9946E-05 0.988433 9.9946E-05
9.9937E-05 9.9937E-05 0.00459435 9.9937E-05 9.9937E-05 9.9937E-05 9.9937E-05 9.9937E-05 0.994706
0.0287129 9.9946E-05 9.9946E-05 9.9946E-05 0.0103758 9.9946E-05 9.9946E-05 0.960312 9.9946E-05
0.997626 0.00105314 9.9946E-05 9.9946E-05 9.9946E-05 0.000720984 9.9946E-05 9.9946E-05 9.9946E-05
9.9946E-05 9.9946E-05 9.9946E-05 0.981942 0.0108681 0.00658988 9.9946E-05 9.9946E-05 9.9946E-05
0.999201 9.993E-05 9.993E-05 9.993E-05 9.993E-05 9.993E-05 9.993E-05 9.993E-05 9.993E-05
0.119111 9.9964E-05 0.0500827 0.796981 9.9964E-05 9.9964E-05 0.00100142 0.032424 9.9964E-05
0.00966987 9.9937E-05 9.9937E-05 0.989631 9.9937E-05 9.9937E-05 9.9937E-05 9.9937E-05 9.9937E-05
0.0849766 0.155014 0.161587 0.597923 9.995E-05 9.995E-05 9.995E-05 9.995E-05 9.995E-05
9.9982E-05 0.00986493 0.115877 0.770338 0.019755 0.0621552 0.00463546 0.0171748 9.9982E-05
0.202418 0.00320678 0.0519811 0.702216 9.9982E-05 9.9982E-05 0.00127133 0.0277585 0.0109486
9.9955E-05 9.9955E-05 9.9955E-05 9.9955E-05 0.037545 0.86909 0.0129743 0.0798908 9.9955E-05
9.996E-05 9.996E-05 0.052303 0.0785038 9.996E-05 0.352133 9.996E-05 0.280829 0.235832
9.993E-05 9.993E-05 9.993E-05 9.993E-05 9.993E-05 9.993E-05 9.993E-05 9.993E-05 0.999201
9.9937E-05 0.00466922 9.9937E-05 9.9937E-05 9.9937E-05 0.994631 9.9937E-05 9.9937E-05 9.9937E-05
9.99459E-05 9.99459E-05 0.0239551 0.0638484 9.99459E-05 0.911597 9.99459E-05 9.99459E-05 9.99459E-05
0.0171978 9.9937E-05 9.9937E-05 9.9937E-05 9.9937E-05 9.9937E-05 9.9937E-05 9.9937E-05 0.982103
9.9946E-05 9.9946E-05 9.9946E-05 9.9946E-05 0.824875 0.149987 0.0245382 9.9946E-05 9.9946E-05
9.9946E-05 9.9946E-05 0.021584 0.0119362 0.96588 9.9946E-05 9.9946E-05 9.9946E-05 9.9946E-05
9.9937E-05 9.9937E-05 0.0176217 9.9937E-05 0.981679 9.9937E-05 9.9937E-05 9.9937E-05 9.9937E-05
9.9946E-05 0.0953605 9.9946E-05 9.9946E-05 0.903649 9.9946E-05 9.9946E-05 0.000391158 9.9946E-05
0.0213724 9.9946E-05 9.9946E-05 9.9946E-05 0.967929 9.9946E-05 9.9946E-05 9.9946E-05 0.0100988
9.993E-05 9.993E-05 9.993E-05 9.993E-05 9.993E-05 9.993E-05 0.999201 9.993E-05 9.993E-05
