9.998E-05 9.998E-05 0.9997 9.998E-05
9.9982E-05 0.859783 9.9982E-05 0.140017
0.0140727 0.985727 9.9982E-05 9.9982E-05
0.9997 9.998E-05 9.998E-05 9.998E-05
0.919268 0.043449 9.9991E-05 0.0371833
0.9997 9.998E-05 9.998E-05 9.998E-05
0.996729 0.00307087 9.9982E-05 9.9982E-05
9.9982E-05 0.920684 9.9982E-05 0.0791159
9.9982E-05 0.974176 9.9982E-05 0.0256237
0.0141736 0.973121 9.9991E-05 0.0126053
0.202887 0.793441 0.00357126 9.9991E-05
0.150017 0.849783 9.9982E-05 9.9982E-05
0.00821017 0.943134 0.0069601 0.0416959
0.0428899 0.95691 9.9982E-05 9.9982E-05
9.9982E-05 0.89837 9.9982E-05 0.10143
9.998E-05 9.998E-05 9.998E-05 0.9997
0.892124 0.105236 9.9991E-05 0.00254016
9.998E-05 9.998E-05 9.998E-05 0.9997
0.752678 0.0341119 9.9991E-05 0.21311
0.842197 0.0291741 9.9991E-05 0.128529
0.713599 9.9991E-05 0.156341 0.12996
0.821255 0.118224 0.0103757 0.0501457
0.655555 0.0355944 0.0132021 0.295649
0.0214548 0.978345 9.9982E-05 9.9982E-05
0.170534 0.829266 9.9982E-05 9.9982E-05
0.0198691 0.979931 9.9982E-05 9.9982E-05
9.9982E-05 0.836523 0.163277 9.9982E-05
0.197583 0.802217 9.9982E-05 9.9982E-05
9.9982E-05 0.979941 9.9982E-05 0.0198593
9.9991E-05 0.951446 0.020531 0.0279233
0.0190627 0.923119 9.9991E-05 0.0577181
9.9991E-05 0.94455 0.00423321 0.0511171
9.9982E-05 0.851931 0.147869 9.9982E-05
9.9982E-05 0.914384 9.9982E-05 0.0854161
9.9991E-05 0.966707 0.0120711 0.0211215
