0.8885238 0.3506618 0.3797433 -0.3677969 -0.2472857 -0.4428263 0.2214956 0.3752268 0.2738723 0.2640316 0.4494953 -0.4044794 -0.3039608 -0.4207536 -0.5899569 0.2117047 0.3248365 -0.2778140 -0.4494812 0.3256836 0.2030195 -0.2775863 0.0639160 0.1862108 0.2687598 0.3790995 0.3979805 -0.5757766 0.1729931 -0.2241728 0.0761557 0.3408362 0.2786673 -0.4384650 -0.3645778 -0.3600273
0.3506618 1.5153799 0.5731064 -0.7077008 -0.3431727 -0.5878019 -0.0481951 0.4391934 0.3952164 0.9486063 0.3275269 -0.3538759 -0.2640892 -0.3372870 0.1679160 -0.1525430 0.0840128 -0.4018719 -0.6329428 -0.0149193 -0.1789472 -0.5896212 0.0420951 0.3684492 0.3067136 0.4485974 0.6515483 -0.5546393 0.0433223 -0.2097993 0.1114856 0.2582110 0.2629844 -0.3920640 -0.3777195 -0.2579215
0.3797433 0.5731064 1.9440227 -0.8013882 -0.5828421 -0.7664475 -0.1055888 0.5703931 0.6792070 0.5924410 0.2950304 -0.2725237 0.0846101 -0.0098677 0.2105980 -0.3391682 -0.0116218 -0.5825233 -0.8061425 -0.1260740 -0.3572077 -0.8870176 -0.0980229 0.7727398 0.7694765 0.8906235 1.0735632 -0.7230657 -0.0710080 0.0874986 0.4081443 0.1040728 0.5736019 -0.4338044 -0.1866103 -0.3039772
-0.3677969 -0.7077008 -0.8013882 1.4319656 0.5782702 0.8657600 0.1216563 -0.6871279 -0.9630296 -0.9479512 -0.3368217 0.3592958 -0.0826095 0.3474790 0.1613222 0.4333830 0.0135045 0.6316866 1.0470282 0.2443122 0.3400269 1.0564287 -0.0315849 -0.4893784 -0.5697739 -0.9079123 -0.9156632 0.2768885 0.0423396 -0.0919033 -0.5178950 -0.6179981 -0.7671931 0.3817085 0.4865953 0.2949111
-0.2472857 -0.3431727 -0.5828421 0.5782702 0.9672650 0.6132513 0.2174166 -0.3538325 -0.6801251 -0.6412187 -0.2764065 0.1055921 -0.2420148 0.0930204 -0.2237521 0.2850374 0.1489277 0.5225775 0.6592863 0.1284201 0.2563148 0.6292623 0.2158761 -0.2323645 -0.3267470 -0.7042155 -0.6215405 0.1402172 0.1237626 -0.3514175 -0.4794170 -0.3327886 -0.4130016 0.1327389 0.1192548 0.1167870
-0.4428263 -0.5878019 -0.7664475 0.8657600 0.6132513 1.4150434 0.2055863 -0.5778037 -0.8230072 -0.8240240 -0.4944934 0.3985460 0.0944567 0.4423388 0.2560330 0.0880474 -0.1038740 0.6118612 0.8983530 -0.1353692 0.0158816 0.8865908 -0.0150203 -0.4095635 -0.5842697 -0.7831962 -0.7845758 0.3932034 -0.1986065 0.1218476 -0.4820921 -0.5624635 -0.6523896 0.4799555 0.4762060 0.4043444
0.2214956 -0.0481951 -0.1055888 0.1216563 0.2174166 0.2055863 0.9947343 -0.0110123 -0.2269385 -0.2535070 0.1809556 -0.4573895 -0.7825748 -0.4416824 -0.9027046 0.7045661 0.6066522 0.1871301 0.0541716 0.6138967 0.7152125 0.1277135 0.4826337 0.0544588 0.0378937 -0.2581941 -0.1840155 -0.5917372 0.4373202 -0.7910367 -0.3598548 -0.0019112 -0.0259885 -0.5299838 -0.4382879 -0.5240902
0.3752268 0.4391934 0.5703931 -0.6871279 -0.3538325 -0.5778037 -0.0110123 1.1266997 0.5300086 0.5354487 0.3542955 -0.4281025 0.0392987 -0.2938526 -0.2710929 -0.1935358 0.1113993 -0.4180149 -0.6266816 -0.0404076 -0.1219093 -0.6362466 0.0016100 0.2494614 0.3080629 0.6949711 0.6260333 -0.4251469 0.0085700 0.1324805 0.2700740 0.4707149 0.4600224 -0.3602807 -0.3053022 -0.2334408
0.2738723 0.3952164 0.6792070 -0.9630296 -0.6801251 -0.8230072 -0.2269385 0.5300086 2.1895926 1.4962521 0.3271111 -0.3205431 0.4584970 -0.1622403 -0.0570804 -0.5216991 -0.1946441 -0.7093807 -0.9730883 -0.4105629 -0.4757919 -0.9259432 -0.2869345 0.1334377 0.7121562 0.7820658 0.8381481 0.0153741 -0.0197157 0.3957087 0.5325798 0.6179990 0.8300751 -0.4556593 -0.2936786 0.1542665
0.2640316 0.9486063 0.5924410 -0.9479512 -0.6412187 -0.8240240 -0.2535070 0.5354487 1.4962521 2.5988493 0.2145716 -0.4256991 0.1852006 -0.2845616 0.5264241 -0.5188911 -0.0853525 -0.6982486 -0.9061083 -0.2854826 -0.4588056 -0.9627476 -0.2554155 0.1191753 0.3217413 0.9972187 0.8479989 -0.1184082 -0.1900725 0.3276229 0.3147091 0.2415248 0.5286348 -0.4914266 -0.3024834 0.3096510
0.4494953 0.3275269 0.2950304 -0.3368217 -0.2764065 -0.4944934 0.1809556 0.3542955 0.3271111 0.2145716 1.0327469 -0.4326142 -0.2714043 -0.2146332 -0.5387608 0.3091365 0.2188618 -0.2866835 -0.4276646 0.3320837 0.3935004 -0.1907507 0.0314529 0.3779405 0.4046918 0.2280813 0.3471929 -0.5731232 0.2596480 -0.1821908 0.1158833 0.3989700 0.2085773 -0.5196058 -0.5567279 -0.4535845
-0.4044794 -0.3538759 -0.2725237 0.3592958 0.1055921 0.3985460 -0.4573895 -0.4281025 -0.3205431 -0.4256991 -0.4326142 2.0466464 0.4587162 0.6693062 0.4241163 -0.4558735 -0.4580929 0.1234322 0.3965342 -0.5485059 -0.5732673 0.3241894 -0.4230877 -0.5002298 0.0322955 -0.3596814 -0.3749698 1.1211418 -0.6052147 0.5347376 -0.1243758 -0.6725634 -0.4857628 1.1441171 0.6510432 0.6244871
-0.3039608 -0.2640892 0.0846101 -0.0826095 -0.2420148 0.0944567 -0.7825748 0.0392987 0.4584970 0.1852006 -0.2714043 0.4587162 2.0190976 0.6657941 1.1816109 -0.9468102 -0.7352641 -0.2659675 -0.0159941 -0.9356092 -0.9246114 -0.1119508 -0.7579495 -0.3732680 0.1328445 0.4239363 0.2594734 0.6197563 -0.5878821 1.3515542 0.2728612 0.0110606 0.2528361 0.5105889 0.6061182 0.7024302
-0.4207536 -0.3372870 -0.0098677 0.3474790 0.0930204 0.4423388 -0.4416824 -0.2938526 -0.1622403 -0.2845616 -0.2146332 0.6693062 0.6657941 1.3546785 0.7965236 -0.5105627 -0.4912671 0.1046912 0.3799331 -0.6346105 -0.4918008 0.3043534 -0.3653877 -0.0802811 -0.1539359 -0.2194554 -0.1684572 0.4315849 -0.5567470 0.7829205 0.1277888 -0.4704148 -0.3617629 0.5021628 0.5742162 0.5953876
-0.5899569 0.1679160 0.2105980 0.1613222 -0.2237521 0.2560330 -0.9027046 -0.2710929 -0.0570804 0.5264241 -0.5387608 0.4241163 1.1816109 0.7965236 4.4199767 -0.9564172 -0.9905459 -0.1349061 0.2450573 -0.9608088 -0.9220113 -0.2627669 -0.7332168 0.0452842 -0.4602777 0.2418166 -0.0771526 0.2687483 -0.9627597 1.1370852 0.1164485 -0.5790690 -0.3791156 0.7725555 0.9734647 0.9612932
0.2117047 -0.1525430 -0.3391682 0.4333830 0.2850374 0.0880474 0.7045661 -0.1935358 -0.5216991 -0.5188911 0.3091365 -0.4558735 -0.9468102 -0.5105627 -0.9564172 1.2226300 0.5945548 0.3272791 0.2887449 0.9217903 1.0017393 0.3783258 0.5131800 0.0821734 -0.0305780 -0.4724809 -0.4261405 -0.5189983 0.6579792 -1.0001787 -0.5315836 0.0118375 -0.3143957 -0.4811816 -0.4420744 -0.6138872
0.3248365 0.0840128 -0.0116218 0.0135045 0.1489277 -0.1038740 0.6066522 0.1113993 -0.1946441 -0.0853525 0.2188618 -0.4580929 -0.7352641 -0.4912671 -0.9905459 0.5945548 0.9620027 0.0659023 -0.0960633 0.7147157 0.5832512 0.1012152 0.4435803 0.0157890 0.0236311 0.0316080 0.0619894 -0.6354398 0.4415903 -0.7724624 -0.3899190 0.0752385 0.0045935 -0.5664436 -0.5178210 -0.4913567
-0.2778140 -0.4018719 -0.5825233 0.6316866 0.5225775 0.6118612 0.1871301 -0.4180149 -0.7093807 -0.6982486 -0.2866835 0.1234322 -0.2659675 0.1046912 -0.1349061 0.3272791 0.0659023 1.0321927 0.6699218 0.1927141 0.2979364 0.5834064 0.2483391 -0.1759297 -0.3441897 -0.6878441 -0.6470501 0.1662021 0.1430521 -0.3473612 -0.4370977 -0.3176037 -0.4843501 0.1717627 0.1812230 0.0492019
-0.4494812 -0.6329428 -0.8061425 1.0470282 0.6592863 0.8983530 0.0541716 -0.6266816 -0.9730883 -0.9061083 -0.4276646 0.3965342 -0.0159941 0.3799331 0.2450573 0.2887449 -0.0960633 0.6699218 1.3158606 0.0967311 0.2268341 0.9371267 -0.0027676 -0.4622818 -0.5438249 -0.8946898 -0.9108356 0.3942813 -0.0151011 -0.0826813 -0.5836363 -0.6166388 -0.7185848 0.4510176 0.4790367 0.3656363
0.3256836 -0.0149193 -0.1260740 0.2443122 0.1284201 -0.1353692 0.6138967 -0.0404076 -0.4105629 -0.2854826 0.3320837 -0.5485059 -0.9356092 -0.6346105 -0.9608088 0.9217903 0.7147157 0.1927141 0.0967311 1.1474618 0.9099280 0.1677237 0.5019087 0.0998476 -0.0670806 -0.0906392 -0.1502279 -0.5985948 0.6260562 -0.9831756 -0.4886554 0.0317621 -0.1945729 -0.5451944 -0.4826927 -0.6754594
0.2030195 -0.1789472 -0.3572077 0.3400269 0.2563148 0.0158816 0.7152125 -0.1219093 -0.4757919 -0.4588056 0.3935004 -0.5732673 -0.9246114 -0.4918008 -0.9220113 1.0017393 0.5832512 0.2979364 0.2268341 0.9099280 1.1977222 0.2656956 0.5742825 0.1906669 -0.0372112 -0.4444994 -0.3890322 -0.4930314 0.6515924 -1.0067492 -0.4916863 0.0740546 -0.2488305 -0.5459974 -0.5554971 -0.6692562
-0.2775863 -0.5896212 -0.8870176 1.0564287 0.6292623 0.8865908 0.1277135 -0.6362466 -0.9259432 -0.9627476 -0.1907507 0.3241894 -0.1119508 0.3043534 -0.2627669 0.3783258 0.1012152 0.5834064 0.9371267 0.1677237 0.2656956 1.6819602 -0.1356113 -0.4546142 -0.5732863 -1.0206181 -0.8491796 0.2647662 -0.0487250 -0.0935542 -0.1674242 -0.5153806 -0.7457666 0.3161252 0.2460927 0.3491843
0.0639160 0.0420951 -0.0980229 -0.0315849 0.2158761 -0.0150203 0.4826337 0.0016100 -0.2869345 -0.2554155 0.0314529 -0.4230877 -0.7579495 -0.3653877 -0.7332168 0.5131800 0.4435803 0.2483391 -0.0027676 0.5019087 0.5742825 -0.1356113 0.8763211 0.2658803 -0.0237213 -0.1704873 -0.1302439 -0.3459692 0.4692844 -0.8217216 -0.3010163 -0.0281092 -0.0920540 -0.3605530 -0.3720702 -0.5400906
0.1862108 0.3684492 0.7727398 -0.4893784 -0.2323645 -0.4095635 0.0544588 0.2494614 0.1334377 0.1191753 0.3779405 -0.5002298 -0.3732680 -0.0802811 0.0452842 0.0821734 0.0157890 -0.1759297 -0.4622818 0.0998476 0.1906669 -0.4546142 0.2658803 1.4058502 0.1780702 0.0909811 0.3295785 -0.3735345 0.1507775 -0.3694286 0.0495805 0.2997580 0.0869207 -0.3216337 -0.4662841 -0.4799132
0.2687598 0.3067136 0.7694765 -0.5697739 -0.3267470 -0.5842697 0.0378937 0.3080629 0.7121562 0.3217413 0.4046918 0.0322955 0.1328445 -0.1539359 -0.4602777 -0.0305780 0.0236311 -0.3441897 -0.5438249 -0.0670806 -0.0372112 -0.5732863 -0.0237213 0.1780702 1.5665892 0.4177959 0.7021183 -0.5054373 0.4434503 -0.2146123 0.1336975 0.3400566 0.6061202 -0.5676630 -0.4057067 -0.4175854
0.3790995 0.4485974 0.8906235 -0.9079123 -0.7042155 -0.7831962 -0.2581941 0.6949711 0.7820658 0.9972187 0.2280813 -0.3596814 0.4239363 -0.2194554 0.2418166 -0.4724809 0.0316080 -0.6878441 -0.8946898 -0.0906392 -0.4444994 -1.0206181 -0.1704873 0.0909811 0.4177959 2.4391975 0.9550357 -0.7282337 -0.1737396 1.2725546 0.3828795 0.0767534 0.4299744 -0.3209904 -0.0497167 -0.2131555
0.3979805 0.6515483 1.0735632 -0.9156632 -0.6215405 -0.7845758 -0.1840155 0.6260333 0.8381481 0.8479989 0.3471929 -0.3749698 0.2594734 -0.1684572 -0.0771526 -0.4261405 0.0619894 -0.6470501 -0.9108356 -0.1502279 -0.3890322 -0.8491796 -0.1302439 0.3295785 0.7021183 0.9550357 1.8021821 -0.4807790 -0.0343575 0.1164106 0.6305861 0.4407876 0.8144249 -0.4738720 -0.3687324 -0.2832589
-0.5757766 -0.5546393 -0.7230657 0.2768885 0.1402172 0.3932034 -0.5917372 -0.4251469 0.0153741 -0.1184082 -0.5731232 1.1211418 0.6197563 0.4315849 0.2687483 -0.5189983 -0.6354398 0.1662021 0.3942813 -0.5985948 -0.4930314 0.2647662 -0.3459692 -0.3735345 -0.5054373 -0.7282337 -0.4807790 2.1159670 -0.3456286 0.2585499 -0.2790238 -0.1147096 -0.3761036 1.2344999 0.4234001 0.6750876
0.1729931 0.0433223 -0.0710080 0.0423396 0.1237626 -0.1986065 0.4373202 0.0085700 -0.0197157 -0.1900725 0.2596480 -0.6052147 -0.5878821 -0.5567470 -0.9627597 0.6579792 0.4415903 0.1430521 -0.0151011 0.6260562 0.6515924 -0.0487250 0.4692844 0.1507775 0.4434503 -0.1737396 -0.0343575 -0.3456286 1.1319225 -0.9112201 -0.3911462 0.3411906 0.1641135 -0.5609278 -0.5538816 -0.7411416
-0.2241728 -0.2097993 0.0874986 -0.0919033 -0.3514175 0.1218476 -0.7910367 0.1324805 0.3957087 0.3276229 -0.1821908 0.5347376 1.3515542 0.7829205 1.1370852 -1.0001787 -0.7724624 -0.3473612 -0.0826813 -0.9831756 -1.0067492 -0.0935542 -0.8217216 -0.3694286 -0.2146123 1.2725546 0.1164106 0.2585499 -0.9112201 2.4979758 0.4050820 -0.2916964 -0.0218606 0.6159582 0.7907819 0.7693763
0.0761557 0.1114856 0.4081443 -0.5178950 -0.4794170 -0.4820921 -0.3598548 0.2700740 0.5325798 0.3147091 0.1158833 -0.1243758 0.2728612 0.1277888 0.1164485 -0.5315836 -0.3899190 -0.4370977 -0.5836363 -0.4886554 -0.4916863 -0.1674242 -0.3010163 0.0495805 0.1336975 0.3828795 0.6305861 -0.2790238 -0.3911462 0.4050820 2.9137609 0.1326773 1.2419971 -0.1762919 -0.0119834 0.0554011
0.3408362 0.2582110 0.1040728 -0.6179981 -0.3327886 -0.5624635 -0.0019112 0.4707149 0.6179990 0.2415248 0.3989700 -0.6725634 0.0110606 -0.4704148 -0.5790690 0.0118375 0.0752385 -0.3176037 -0.6166388 0.0317621 0.0740546 -0.5153806 -0.0281092 0.2997580 0.3400566 0.0767534 0.4407876 -0.1147096 0.3411906 -0.2916964 0.1326773 2.0850091 0.4290872 -0.4662406 -0.5724529 -0.4914950
0.2786673 0.2629844 0.5736019 -0.7671931 -0.4130016 -0.6523896 -0.0259885 0.4600224 0.8300751 0.5286348 0.2085773 -0.4857628 0.2528361 -0.3617629 -0.3791156 -0.3143957 0.0045935 -0.4843501 -0.7185848 -0.1945729 -0.2488305 -0.7457666 -0.0920540 0.0869207 0.6061202 0.4299744 0.8144249 -0.3761036 0.1641135 -0.0218606 1.2419971 0.4290872 2.1995790 -0.5650205 -0.4374579 -0.3570839
-0.4384650 -0.3920640 -0.4338044 0.3817085 0.1327389 0.4799555 -0.5299838 -0.3602807 -0.4556593 -0.4914266 -0.5196058 1.1441171 0.5105889 0.5021628 0.7725555 -0.4811816 -0.5664436 0.1717627 0.4510176 -0.5451944 -0.5459974 0.3161252 -0.3605530 -0.3216337 -0.5676630 -0.3209904 -0.4738720 1.2344999 -0.5609278 0.6159582 -0.1762919 -0.4662406 -0.5650205 1.7665312 0.6913552 0.5948671
-0.3645778 -0.3777195 -0.1866103 0.4865953 0.1192548 0.4762060 -0.4382879 -0.3053022 -0.2936786 -0.3024834 -0.5567279 0.6510432 0.6061182 0.5742162 0.9734647 -0.4420744 -0.5178210 0.1812230 0.4790367 -0.4826927 -0.5554971 0.2460927 -0.3720702 -0.4662841 -0.4057067 -0.0497167 -0.3687324 0.4234001 -0.5538816 0.7907819 -0.0119834 -0.5724529 -0.4374579 0.6913552 1.3916124 0.7078459
-0.3600273 -0.2579215 -0.3039772 0.2949111 0.1167870 0.4043444 -0.5240902 -0.2334408 0.1542665 0.3096510 -0.4535845 0.6244871 0.7024302 0.5953876 0.9612932 -0.6138872 -0.4913567 0.0492019 0.3656363 -0.6754594 -0.6692562 0.3491843 -0.5400906 -0.4799132 -0.4175854 -0.2131555 -0.2832589 0.6750876 -0.7411416 0.7693763 0.0554011 -0.4914950 -0.3570839 0.5948671 0.7078459 1.6609290
