9.9982E-05 0.34701 0.448596 0.204194 9.9982E-05
9.9982E-05 0.0364457 9.9982E-05 0.132908 0.830447
9.997E-05 9.997E-05 9.997E-05 9.997E-05 0.9996
0.702367 9.9973E-05 0.297333 9.9973E-05 9.9973E-05
9.999E-05 0.0303644 0.938509 0.0198178 0.0112085
9.997E-05 9.997E-05 0.9996 9.997E-05 9.997E-05
9.9973E-05 9.9973E-05 0.997952 9.9973E-05 0.00174831
9.998E-05 0.245108 9.998E-05 0.0681305 0.686561
9.9982E-05 0.00833007 9.9982E-05 0.0198898 0.97158
9.998E-05 0.0936675 9.998E-05 0.0161049 0.890028
0.197231 9.9973E-05 9.9973E-05 9.9973E-05 0.802469
0.010538 9.9982E-05 0.115547 9.9982E-05 0.873715
9.9973E-05 9.9973E-05 9.9973E-05 0.0506616 0.949038
0.00658171 9.9982E-05 0.0142411 9.9982E-05 0.978977
9.998E-05 0.100305 9.998E-05 0.108801 0.790694
9.997E-05 9.997E-05 9.997E-05 0.9996 9.997E-05
0.9996 9.997E-05 9.997E-05 9.997E-05 9.997E-05
0.00223154 9.9973E-05 9.9973E-05 0.997469 9.9973E-05
0.0285214 9.999E-05 0.729706 0.206355 0.0353174
0.9996 9.997E-05 9.997E-05 9.997E-05 9.997E-05
0.0603958 9.9982E-05 0.744551 0.194854 9.9982E-05
0.0476176 0.0442363 0.785242 0.0491049 0.0737992
0.80636 9.9982E-05 9.9982E-05 0.187786 0.00565379
0.0167963 0.244645 9.9982E-05 9.9982E-05 0.738358
0.0336058 9.9982E-05 0.113604 9.9982E-05 0.85259
0.00156048 9.9973E-05 9.9973E-05 9.9973E-05 0.99814
0.00454104 0.239826 0.0514542 0.000530306 0.703648
0.0216875 9.998E-05 0.156043 9.998E-05 0.82207
9.998E-05 0.00964755 9.998E-05 0.0204606 0.969692
9.997E-05 0.9996 9.997E-05 9.997E-05 9.997E-05
9.9973E-05 0.968158 0.031542 9.9973E-05 9.9973E-05
9.9973E-05 0.992656 0.00704399 9.9973E-05 9.9973E-05
9.997E-05 0.9996 9.997E-05 9.997E-05 9.997E-05
9.997E-05 0.977612 9.997E-05 0.0220877 9.997E-05
9.997E-05 0.9996 9.997E-05 9.997E-05 9.997E-05
