0.413811 0.304402 0.281787
9.999E-05 0.867164 0.132736
0.00837444 0.991526 9.9991E-05
0.9998 9.999E-05 9.999E-05
0.917568 0.0501442 0.0322878
0.9998 9.999E-05 9.999E-05
0.998303 0.00159725 9.9991E-05
9.999E-05 0.92198 0.0779198
9.9991E-05 0.979882 0.0200178
0.00736386 0.983624 0.00901242
0.201842 0.798058 9.9991E-05
0.146888 0.853012 9.9991E-05
0.00899248 0.952038 0.0389694
0.0399899 0.95991 9.9991E-05
9.9991E-05 0.897755 0.102145
9.999E-05 9.999E-05 0.9998
0.891814 0.105566 0.00262029
9.999E-05 9.999E-05 0.9998
0.755541 0.0348647 0.209594
0.840683 0.0284465 0.130871
0.791005 9.9991E-05 0.208895
0.831203 0.121537 0.0472603
0.661713 0.0395273 0.298759
0.0216279 0.978272 9.9991E-05
0.16616 0.83374 9.9991E-05
0.016533 0.983367 9.9991E-05
0.0650676 0.934122 0.000810286
0.191034 0.808866 9.9991E-05
9.9991E-05 0.979747 0.0201532
9.9991E-05 0.967674 0.0322262
0.0181577 0.927857 0.0539849
9.9991E-05 0.951508 0.0483923
9.9991E-05 0.94305 0.0568504
9.9991E-05 0.903073 0.0968266
9.9991E-05 0.972934 0.0269665
