0.00677967 0.220014 0.423794 9.9982E-05 9.9982E-05 0.216667 0.132546
0.0120919 0.0552566 9.9982E-05 0.0251262 0.777049 0.130277 9.9982E-05
9.995E-05 9.995E-05 9.995E-05 9.995E-05 0.9994 9.995E-05 9.995E-05
9.995E-05 9.995E-05 0.9994 9.995E-05 9.995E-05 9.995E-05 9.995E-05
9.9982E-05 0.0214728 0.908555 0.0260932 9.9982E-05 0.028606 0.0150731
9.995E-05 9.995E-05 0.9994 9.995E-05 9.995E-05 9.995E-05 9.995E-05
9.9955E-05 9.9955E-05 0.985698 9.9955E-05 0.0138025 9.9955E-05 9.9955E-05
0.00290972 0.0998801 9.9973E-05 0.857653 9.9973E-05 0.0392574 9.9973E-05
0.0140374 0.0111065 9.9973E-05 9.9973E-05 0.963371 0.0111852 9.9973E-05
0.0349139 0.0936016 9.9991E-05 0.448357 0.401469 0.000872646 0.0206851
9.9964E-05 9.9964E-05 0.152788 9.9964E-05 0.81411 9.9964E-05 0.0327022
9.9955E-05 9.9955E-05 0.0942985 9.9955E-05 0.905202 9.9955E-05 9.9955E-05
9.9964E-05 9.9964E-05 0.0118312 0.986603 9.9964E-05 0.00116558 9.9964E-05
9.995E-05 9.995E-05 9.995E-05 9.995E-05 0.9994 9.995E-05 9.995E-05
0.000341091 0.151982 9.9982E-05 0.0970544 0.657821 0.0926025 9.9982E-05
9.995E-05 9.995E-05 9.995E-05 9.995E-05 9.995E-05 0.9994 9.995E-05
0.105526 0.00683583 0.887239 9.9964E-05 9.9964E-05 9.9964E-05 9.9964E-05
9.995E-05 9.995E-05 9.995E-05 9.995E-05 9.995E-05 0.9994 9.995E-05
9.9973E-05 9.9973E-05 0.748883 0.0370713 0.0108741 0.202872 9.9973E-05
0.0074409 0.00117211 0.839834 0.0200169 0.00228745 0.124552 0.00469681
9.99549E-05 9.99549E-05 0.799749 9.99549E-05 9.99549E-05 0.199751 9.99549E-05
0.0637788 0.00287907 0.817828 0.00655425 0.0517331 0.0562935 0.000933054
9.999E-05 0.00334107 0.661158 0.0180416 0.0282692 0.283877 0.0052137
0.890578 9.9964E-05 9.9964E-05 0.00120034 0.107822 9.9964E-05 9.9964E-05
0.00457289 0.00627939 0.134926 0.077482 0.757289 9.9991E-05 0.019351
9.9955E-05 9.9955E-05 0.00240247 0.997098 9.9955E-05 9.9955E-05 9.9955E-05
9.995E-05 9.995E-05 9.995E-05 9.995E-05 9.995E-05 9.995E-05 0.9994
0.0475751 9.9973E-05 0.153736 9.9973E-05 0.794088 9.9973E-05 0.00430148
9.995E-05 9.995E-05 9.995E-05 0.9994 9.995E-05 9.995E-05 9.995E-05
0.9994 9.995E-05 9.995E-05 9.995E-05 9.995E-05 9.995E-05 9.995E-05
9.995E-05 0.974155 0.025345 9.995E-05 9.995E-05 9.995E-05 9.995E-05
9.9955E-05 0.997468 0.00203209 9.9955E-05 9.9955E-05 9.9955E-05 9.9955E-05
0.0188476 0.946048 9.9964E-05 9.9964E-05 9.9964E-05 9.9964E-05 0.0347041
9.9964E-05 0.956559 9.9964E-05 0.0203622 9.9964E-05 0.0226789 9.9964E-05
0.02344 0.97606 9.9955E-05 9.9955E-05 9.9955E-05 9.9955E-05 9.9955E-05
