0.465695 0.534205 9.9991E-05
0.263908 9.9991E-05 0.735992
0.000551132 9.9991E-05 0.999349
9.999E-05 0.9998 9.999E-05
9.9991E-05 0.950346 0.049554
9.999E-05 0.9998 9.999E-05
9.999E-05 0.9998 9.999E-05
0.442246 9.9991E-05 0.557654
0.0883914 9.9991E-05 0.911509
0.119453 9.9991E-05 0.880447
9.9991E-05 0.157442 0.842458
9.9991E-05 0.113134 0.886766
0.0813786 9.9991E-05 0.918521
9.9991E-05 0.00564257 0.994257
0.301254 9.9991E-05 0.698646
0.630469 0.369431 9.9991E-05
0.0174796 0.913967 0.0685533
0.609929 0.389971 9.9991E-05
0.0886419 0.866633 0.0447251
0.0155787 0.924817 0.0596045
0.0527673 0.947133 9.9991E-05
0.0176731 0.866019 0.116308
0.173056 0.807367 0.0195763
0.190142 9.9991E-05 0.809758
9.9991E-05 0.131234 0.868666
0.0138508 9.9991E-05 0.986049
0.139943 0.0401158 0.819941
9.9991E-05 0.159247 0.840653
0.0768678 9.9991E-05 0.923032
0.9998 9.999E-05 9.999E-05
0.961836 0.0156568 0.0225072
0.957852 9.9991E-05 0.0420477
0.971076 9.9991E-05 0.0288243
0.9998 9.999E-05 9.999E-05
0.9998 9.999E-05 9.999E-05
