0.466332 9.9991E-05 0.533568
0.255343 0.74418 0.000477136
9.999E-05 0.9998 9.999E-05
9.999E-05 9.999E-05 0.9998
0.00710024 0.0419493 0.95095
9.999E-05 9.999E-05 0.9998
9.999E-05 9.999E-05 0.9998
0.473942 0.525958 9.9991E-05
0.0532955 0.946604 9.9991E-05
0.136633 0.863267 9.9991E-05
9.9991E-05 0.837502 0.162398
9.9991E-05 0.886863 0.113037
0.0805116 0.919388 9.9991E-05
9.9991E-05 0.995885 0.00401473
0.328104 0.671796 9.9991E-05
0.631954 9.9991E-05 0.367946
0.0189031 0.0673875 0.913709
0.607024 9.9991E-05 0.392876
0.0874791 0.0477308 0.86479
0.017029 0.0589858 0.923985
0.0535773 9.9991E-05 0.946323
0.017222 0.114336 0.868442
0.185241 9.9991E-05 0.814659
0.161732 0.838168 9.9991E-05
9.9991E-05 0.871728 0.128172
0.00502626 0.994874 9.9991E-05
0.246966 0.713138 0.0398957
9.9991E-05 0.836999 0.162901
0.0932677 0.906632 9.9991E-05
0.9998 9.999E-05 9.999E-05
0.951315 0.0350827 0.0136027
0.972644 0.0272559 9.9991E-05
0.9998 9.999E-05 9.999E-05
0.9998 9.999E-05 9.999E-05
0.994809 0.00509103 9.9991E-05
