0.410521 0.589179 9.9973E-05 9.9973E-05 9.9973E-05
0.0212999 9.9991E-05 0.860937 0.0914742 0.0261884
9.9973E-05 9.9973E-05 0.953825 9.9973E-05 0.0458751
0.9996 9.997E-05 9.997E-05 9.997E-05 9.997E-05
0.942784 9.9973E-05 0.0569165 9.9973E-05 9.9973E-05
0.9996 9.997E-05 9.997E-05 9.997E-05 9.997E-05
0.976179 9.9973E-05 9.9973E-05 9.9973E-05 0.0235206
9.9973E-05 9.9973E-05 0.796091 0.203609 9.9973E-05
9.997E-05 9.997E-05 0.9996 9.997E-05 9.997E-05
9.999E-05 0.0261315 0.80053 0.0823255 0.090913
0.0131345 0.0250247 9.9982E-05 9.9982E-05 0.961641
9.997E-05 9.997E-05 9.997E-05 9.997E-05 0.9996
0.0162912 0.0110459 0.972463 9.9982E-05 9.9982E-05
0.0209252 9.9982E-05 0.937463 9.9982E-05 0.041412
9.9982E-05 0.000815204 0.927679 0.0713058 9.9982E-05
0.385121 9.9982E-05 0.00341542 0.611264 9.9982E-05
0.88782 9.9982E-05 9.9982E-05 0.0171178 0.0948618
0.403356 9.9973E-05 9.9973E-05 0.596344 9.9973E-05
0.858652 9.9982E-05 0.075487 0.0656612 9.9982E-05
0.910493 9.9991E-05 0.0291677 0.0237675 0.0364719
0.93059 0.0578671 9.9982E-05 0.0113425 9.9982E-05
0.842711 9.9991E-05 0.010938 0.0252782 0.120973
0.809361 0.00291628 0.0730558 0.114567 9.9991E-05
9.9982E-05 9.9982E-05 0.34872 0.271536 0.379545
0.0321408 0.0147193 0.195669 9.9991E-05 0.75737
0.00245791 9.9982E-05 0.947054 9.9982E-05 0.0502882
9.997E-05 0.9996 9.997E-05 9.997E-05 9.997E-05
9.997E-05 9.997E-05 9.997E-05 9.997E-05 0.9996
9.9973E-05 0.0221615 0.977539 9.9973E-05 9.9973E-05
9.9973E-05 9.9973E-05 9.9973E-05 0.978329 0.0213713
0.00101663 9.9982E-05 9.9982E-05 0.934679 0.0641041
9.9973E-05 9.9973E-05 9.9973E-05 0.943369 0.056331
9.9991E-05 0.219569 0.025062 0.74386 0.0114083
9.997E-05 9.997E-05 9.997E-05 0.9996 9.997E-05
9.9973E-05 9.9973E-05 9.9973E-05 0.994923 0.00477682
