0.312549 9.9973E-05 0.422439 9.9973E-05 0.0652136 0.199498 9.9973E-05
0.0439533 0.708002 9.9991E-05 0.0533497 0.0198178 0.119517 0.0552599
9.9955E-05 0.998854 9.9955E-05 9.9955E-05 9.9955E-05 9.9955E-05 0.000646272
9.995E-05 9.995E-05 0.9994 9.995E-05 9.995E-05 9.995E-05 9.995E-05
9.9982E-05 0.00535771 0.917763 0.0556611 9.9982E-05 0.0196652 0.00135279
9.995E-05 9.995E-05 0.9994 9.995E-05 9.995E-05 9.995E-05 9.995E-05
9.9964E-05 0.00522846 0.983636 9.9964E-05 0.0107356 9.9964E-05 9.9964E-05
9.9955E-05 9.9955E-05 9.9955E-05 0.973897 9.9955E-05 0.0256034 9.9955E-05
9.995E-05 9.995E-05 9.995E-05 9.995E-05 9.995E-05 9.995E-05 0.9994
0.0297767 0.192051 9.9982E-05 0.554851 0.18082 9.9982E-05 0.0423015
9.9955E-05 9.9955E-05 0.0342739 9.9955E-05 0.965226 9.9955E-05 9.9955E-05
9.9964E-05 9.9964E-05 9.9964E-05 9.9964E-05 0.991123 0.00529487 0.00318219
9.995E-05 0.9994 9.995E-05 9.995E-05 9.995E-05 9.995E-05 9.995E-05
9.9955E-05 0.998317 0.00118336 9.9955E-05 9.9955E-05 9.9955E-05 9.9955E-05
0.0148818 0.520835 9.9982E-05 0.345355 9.9982E-05 0.0824075 0.0363206
9.995E-05 9.995E-05 9.995E-05 9.995E-05 9.995E-05 0.9994 9.995E-05
0.089599 9.9964E-05 0.880905 9.9964E-05 0.0290961 9.9964E-05 9.9964E-05
9.995E-05 9.995E-05 9.995E-05 9.995E-05 9.995E-05 0.9994 9.995E-05
9.9982E-05 0.00951789 0.756036 0.0280626 9.9982E-05 0.19535 0.0108341
0.00296129 0.00307785 0.83269 9.9991E-05 0.0220157 0.130565 0.00858995
9.995E-05 9.995E-05 0.80738 9.995E-05 9.995E-05 0.19212 9.995E-05
0.049414 0.00715306 0.80961 9.9991E-05 0.0819134 0.0449598 0.0068497
9.999E-05 0.00425243 0.656781 0.0303934 0.0139664 0.283971 0.0105356
0.331952 0.446444 9.9973E-05 9.9973E-05 0.177839 9.9973E-05 0.0434651
9.9982E-05 0.132297 0.0543571 0.085899 0.716325 9.9982E-05 0.010921
9.9955E-05 9.9955E-05 9.9955E-05 0.975818 0.0236822 9.9955E-05 9.9955E-05
0.180475 9.9973E-05 9.9973E-05 0.0475077 0.765717 0.00600022 9.9973E-05
9.9955E-05 9.9955E-05 0.0232951 9.9955E-05 0.976205 9.9955E-05 9.9955E-05
9.995E-05 9.995E-05 9.995E-05 0.9994 9.995E-05 9.995E-05 9.995E-05
0.9994 9.995E-05 9.995E-05 9.995E-05 9.995E-05 9.995E-05 9.995E-05
0.101246 9.9964E-05 0.0214506 0.876903 9.9964E-05 9.9964E-05 9.9964E-05
0.355021 9.9964E-05 0.00571957 0.63886 9.9964E-05 9.9964E-05 9.9964E-05
0.984478 9.9955E-05 9.9955E-05 9.9955E-05 0.0150226 9.9955E-05 9.9955E-05
0.977681 9.9973E-05 9.9973E-05 0.00390201 9.9973E-05 0.0169932 0.00112375
0.994501 9.9955E-05 9.9955E-05 9.9955E-05 9.9955E-05 9.9955E-05 0.00499961
