0.0159238 0.229326 0.318911 0.435839
0.826466 0.142343 0.0310914 9.9991E-05
0.9997 9.998E-05 9.998E-05 9.998E-05
9.998E-05 9.998E-05 9.998E-05 0.9997
0.0216241 0.0361807 0.0303954 0.9118
9.998E-05 9.998E-05 9.998E-05 0.9997
0.00662357 9.9982E-05 9.9982E-05 0.993176
0.725221 0.0719457 0.202734 9.9991E-05
0.977223 0.0225769 9.9982E-05 9.9982E-05
0.914794 0.0113183 0.073788 9.9991E-05
0.817859 9.9982E-05 9.9982E-05 0.181941
0.867625 9.9982E-05 9.9982E-05 0.132175
0.940827 0.058973 9.9982E-05 9.9982E-05
0.979133 9.9982E-05 9.9982E-05 0.0206672
0.821904 0.10589 0.0721067 9.9991E-05
9.998E-05 0.9997 9.998E-05 9.998E-05
0.00837463 9.9991E-05 0.0978661 0.893659
9.998E-05 0.9997 9.998E-05 9.998E-05
0.0393961 0.208754 9.9991E-05 0.75175
0.0306206 0.127216 9.9991E-05 0.842063
9.9982E-05 0.200188 9.9982E-05 0.799612
0.0755057 0.0510378 0.0482846 0.825172
0.0406253 0.293074 0.00297022 0.663331
0.75248 9.9991E-05 0.235694 0.0117264
0.848722 9.9982E-05 9.9982E-05 0.151078
0.9997 9.998E-05 9.998E-05 9.998E-05
0.820062 0.0113694 0.123932 0.0446364
0.821469 9.9982E-05 9.9982E-05 0.178331
0.971655 0.0207144 0.00753035 9.9991E-05
9.998E-05 9.998E-05 0.9997 9.998E-05
9.9982E-05 9.9982E-05 0.968816 0.0309837
9.9982E-05 9.9982E-05 0.989768 0.0100319
0.000149171 9.9982E-05 0.999651 9.9982E-05
0.042341 0.0305446 0.927014 9.9991E-05
9.998E-05 9.998E-05 0.9997 9.998E-05
