0.00285235 0.337732 0.437727 0.221689
0.846542 0.0211006 9.9991E-05 0.132257
0.9997 9.998E-05 9.998E-05 9.998E-05
9.998E-05 9.998E-05 0.9997 9.998E-05
0.0224774 0.0263233 0.923906 0.0272936
9.998E-05 9.998E-05 0.9997 9.998E-05
0.00951943 9.9982E-05 0.990281 9.9982E-05
0.696594 0.23218 9.9991E-05 0.0711258
0.978975 0.00214975 9.9991E-05 0.0187757
0.911109 0.0719372 9.9991E-05 0.0168534
0.820204 9.9982E-05 0.179596 9.9982E-05
0.873146 9.9982E-05 0.126654 9.9982E-05
0.949364 9.9982E-05 9.9982E-05 0.0504358
0.980338 9.9982E-05 0.0194624 9.9982E-05
0.786844 0.100657 9.9991E-05 0.112399
9.998E-05 9.998E-05 9.998E-05 0.9997
0.0156659 0.0921204 0.892114 9.9991E-05
9.998E-05 9.998E-05 9.998E-05 0.9997
0.0433291 9.9991E-05 0.751897 0.204674
0.0275713 9.9991E-05 0.846225 0.126103
9.9982E-05 9.9982E-05 0.796669 0.203131
0.0756973 0.0511929 0.82913 0.0439801
0.0398588 0.00410992 0.661333 0.294698
0.727833 0.261763 0.0103034 9.9991E-05
0.850097 9.9982E-05 0.149703 9.9982E-05
0.9997 9.998E-05 9.998E-05 9.998E-05
0.780469 0.167761 0.0501813 0.00158902
0.823165 9.9982E-05 0.176635 9.9982E-05
0.95343 0.0182415 9.9991E-05 0.0282285
9.998E-05 0.9997 9.998E-05 9.998E-05
9.9982E-05 0.971034 0.0287657 9.9982E-05
9.9982E-05 0.993698 0.00610232 9.9982E-05
9.998E-05 0.9997 9.998E-05 9.998E-05
9.9982E-05 0.978475 9.9982E-05 0.021325
9.998E-05 0.9997 9.998E-05 9.998E-05
