0.25116 0.00147426 0.17343 9.9991E-05 0.405923 0.167912
0.0923703 0.036876 9.9973E-05 0.870454 9.9973E-05 9.9973E-05
9.9973E-05 0.0464671 0.0633626 0.88987 9.9973E-05 9.9973E-05
9.996E-05 9.996E-05 9.996E-05 9.996E-05 0.9995 9.996E-05
0.0144711 9.9982E-05 0.0269007 0.0418966 0.916532 9.9982E-05
9.996E-05 9.996E-05 9.996E-05 9.996E-05 0.9995 9.996E-05
9.9964E-05 0.0196946 9.9964E-05 9.9964E-05 0.979906 9.9964E-05
0.0414312 9.9973E-05 9.9973E-05 0.848497 9.9973E-05 0.109772
9.9964E-05 9.9964E-05 9.9964E-05 0.998559 0.00104087 9.9964E-05
9.999E-05 0.074775 0.0272348 0.817695 0.002375 0.0778201
9.997E-05 0.915278 0.0604453 9.997E-05 0.0239771 9.997E-05
9.996E-05 0.9995 9.996E-05 9.996E-05 9.996E-05 9.996E-05
9.9964E-05 9.9964E-05 9.9964E-05 0.978935 0.0206651 9.9964E-05
9.9973E-05 0.00558001 0.872923 0.121197 9.9973E-05 9.9973E-05
0.0568414 9.9964E-05 9.9964E-05 0.942759 9.9964E-05 9.9964E-05
0.9995 9.996E-05 9.996E-05 9.996E-05 9.996E-05 9.996E-05
9.9973E-05 0.044885 9.9973E-05 9.9973E-05 0.876027 0.0787877
0.9995 9.996E-05 9.996E-05 9.996E-05 9.996E-05 9.996E-05
0.188482 9.9973E-05 9.9973E-05 0.0612026 0.750016 9.9973E-05
0.12174 0.0163896 9.9991E-05 0.0222232 0.835595 0.00395284
0.199573 9.9964E-05 9.9964E-05 9.9964E-05 0.800027 9.9964E-05
0.0486755 0.0839226 9.9991E-05 0.0104037 0.808122 0.0487762
0.288268 0.00724166 0.0228385 0.0272712 0.65428 9.9991E-05
9.9973E-05 0.311362 9.9973E-05 0.333673 9.9973E-05 0.354665
9.9982E-05 0.657508 0.00162743 0.291073 0.0495915 9.9982E-05
9.9973E-05 0.0407096 9.9973E-05 0.949522 0.00946819 9.9973E-05
9.996E-05 9.996E-05 0.9995 9.996E-05 9.996E-05 9.996E-05
0.000528809 0.999071 9.9964E-05 9.9964E-05 9.9964E-05 9.9964E-05
9.996E-05 9.996E-05 9.996E-05 0.9995 9.996E-05 9.996E-05
9.996E-05 9.996E-05 9.996E-05 9.996E-05 9.996E-05 0.9995
9.9964E-05 9.9964E-05 9.9964E-05 9.9964E-05 0.0304185 0.969182
9.9973E-05 9.9973E-05 0.0052239 9.9973E-05 0.014733 0.979743
0.00720988 9.9973E-05 0.0573528 9.9973E-05 9.9973E-05 0.935137
0.031316 9.9973E-05 9.9973E-05 0.0918633 9.9973E-05 0.876521
9.996E-05 9.996E-05 9.996E-05 9.996E-05 9.996E-05 0.9995
