9.9991E-05 0.533573 0.466327
0.722962 9.9991E-05 0.276938
0.999067 9.9991E-05 0.000832653
9.999E-05 0.9998 9.999E-05
0.0494873 0.950413 9.9991E-05
9.999E-05 0.9998 9.999E-05
9.999E-05 0.9998 9.999E-05
0.557691 9.9991E-05 0.442209
0.921379 9.9991E-05 0.0785206
0.856438 9.9991E-05 0.143462
0.845581 0.154319 9.9991E-05
0.889346 0.110554 9.9991E-05
0.909854 9.9991E-05 0.0900462
0.998261 0.00163864 9.9991E-05
0.644066 9.9991E-05 0.355834
9.9991E-05 0.375569 0.624331
0.0776528 0.912948 0.00939966
9.9991E-05 0.390988 0.608912
0.0408736 0.865886 0.0932404
0.0594203 0.918273 0.0223065
9.9991E-05 0.948088 0.0518116
0.105955 0.868784 0.0252608
0.0123295 0.811858 0.175812
0.826411 9.9991E-05 0.173489
0.874568 0.125332 9.9991E-05
0.9998 9.999E-05 9.999E-05
0.829366 0.0378626 0.132771
0.840707 0.159193 9.9991E-05
0.924129 9.9991E-05 0.0757708
9.999E-05 9.999E-05 0.9998
0.0314506 0.015357 0.953192
0.00994268 9.9991E-05 0.989957
9.999E-05 9.999E-05 0.9998
9.999E-05 9.999E-05 0.9998
0.025045 9.9991E-05 0.974855
