9.996E-05 9.996E-05 9.996E-05 9.996E-05 0.231057 0.415823 0.227307 0.102214 0.0231992
9.9937E-05 0.919467 9.9937E-05 9.9937E-05 0.0798333 9.9937E-05 9.9937E-05 9.9937E-05 9.9937E-05
0.9851 9.9937E-05 9.9937E-05 9.9937E-05 9.9937E-05 9.9937E-05 9.9937E-05 9.9937E-05 0.0142001
9.993E-05 9.993E-05 9.993E-05 9.993E-05 9.993E-05 0.999201 9.993E-05 9.993E-05 9.993E-05
0.0236128 9.9973E-05 0.00705021 0.00867477 0.0154825 0.915264 9.9973E-05 0.0296155 9.9973E-05
9.993E-05 9.993E-05 9.993E-05 9.993E-05 9.993E-05 0.999201 9.993E-05 9.993E-05 9.993E-05
0.000350658 9.9946E-05 9.9946E-05 9.9946E-05 9.9946E-05 0.979842 9.9946E-05 9.9946E-05 0.0192072
0.858517 9.9973E-05 0.0116545 0.00669518 0.0387598 9.9973E-05 0.0801711 0.00390259 9.9973E-05
9.993E-05 0.999201 9.993E-05 9.993E-05 9.993E-05 9.993E-05 9.993E-05 9.993E-05 9.993E-05
0.424236 0.169601 0.0219984 0.186713 0.00230685 9.9991E-05 0.0412154 0.0495876 0.104243
0.00462476 9.995E-05 9.995E-05 9.995E-05 9.995E-05 0.0215607 9.995E-05 0.00892904 0.964386
9.993E-05 9.993E-05 9.993E-05 9.993E-05 9.993E-05 9.993E-05 9.993E-05 9.993E-05 0.999201
0.996147 9.9937E-05 9.9937E-05 9.9937E-05 9.9937E-05 0.00315381 9.9937E-05 9.9937E-05 9.9937E-05
0.976807 9.9937E-05 9.9937E-05 9.9937E-05 9.9937E-05 0.0224932 9.9937E-05 9.9937E-05 9.9937E-05
0.834233 0.0786785 0.0147343 9.9964E-05 0.0695514 9.9964E-05 0.00240304 9.9964E-05 9.9964E-05
9.993E-05 9.993E-05 9.993E-05 9.993E-05 0.999201 9.993E-05 9.993E-05 9.993E-05 9.993E-05
9.997E-05 0.0282171 0.00641915 0.00485982 9.997E-05 0.877629 0.0542801 9.997E-05 0.0282949
9.993E-05 9.993E-05 9.993E-05 9.993E-05 0.999201 9.993E-05 9.993E-05 9.993E-05 9.993E-05
0.00289039 0.0327131 0.00683667 0.00893433 0.19077 0.754058 9.998E-05 9.998E-05 0.00359778
9.9973E-05 0.0217193 9.9973E-05 0.011044 0.112294 0.843616 9.9973E-05 0.00404755 0.00697878
9.993E-05 9.993E-05 9.993E-05 9.993E-05 0.200074 0.799226 9.993E-05 9.993E-05 9.993E-05
9.9982E-05 0.0404597 0.00687416 0.00532057 0.0449527 0.807933 0.0215934 9.9982E-05 0.0726666
0.0210437 0.0126275 9.9973E-05 9.9973E-05 0.28921 0.656396 9.9973E-05 0.00805472 0.0123686
9.9955E-05 0.936599 9.9955E-05 9.9955E-05 9.9955E-05 0.000524004 0.0328502 9.9955E-05 0.0295274
0.10337 0.064124 0.0339784 0.040982 9.9982E-05 0.0415036 9.9982E-05 0.00703076 0.708811
9.993E-05 9.993E-05 9.993E-05 0.999201 9.993E-05 9.993E-05 9.993E-05 9.993E-05 9.993E-05
9.993E-05 9.993E-05 9.993E-05 9.993E-05 9.993E-05 9.993E-05 9.993E-05 0.999201 9.993E-05
9.9937E-05 9.9937E-05 9.9937E-05 9.9937E-05 0.00200517 9.9937E-05 9.9937E-05 9.9937E-05 0.997295
9.993E-05 9.993E-05 9.993E-05 0.999201 9.993E-05 9.993E-05 9.993E-05 9.993E-05 9.993E-05
9.9946E-05 0.1602 0.0336585 9.9946E-05 9.9946E-05 9.9946E-05 0.805542 9.9946E-05 9.9946E-05
9.9937E-05 9.9937E-05 9.9937E-05 9.9937E-05 9.9937E-05 0.00355956 0.995741 9.9937E-05 9.9937E-05
9.9937E-05 9.9937E-05 0.00610689 9.9937E-05 9.9937E-05 9.9937E-05 0.993194 9.9937E-05 9.9937E-05
9.993E-05 9.993E-05 9.993E-05 9.993E-05 9.993E-05 9.993E-05 0.999201 9.993E-05 9.993E-05
9.993E-05 9.993E-05 0.999201 9.993E-05 9.993E-05 9.993E-05 9.993E-05 9.993E-05 9.993E-05
9.9955E-05 0.0455598 0.0315833 9.9955E-05 9.9955E-05 9.9955E-05 0.114945 0.807412 9.9955E-05
