0.343817 0.43853 0.217553 9.9991E-05
0.00859899 9.9991E-05 0.141415 0.849886
9.998E-05 9.998E-05 9.998E-05 0.9997
9.998E-05 0.9997 9.998E-05 9.998E-05
0.0269171 0.921217 0.0304767 0.021389
9.998E-05 0.9997 9.998E-05 9.998E-05
9.9982E-05 0.992904 9.9982E-05 0.00689558
0.269616 9.9991E-05 0.0718443 0.65844
0.012168 9.9991E-05 0.0267437 0.960988
0.0733086 9.9991E-05 0.0154081 0.911183
9.9982E-05 0.180938 9.9982E-05 0.818862
9.9982E-05 0.125117 9.9982E-05 0.874684
9.9982E-05 9.9982E-05 0.0548628 0.944937
9.9982E-05 0.02333 9.9982E-05 0.97647
0.0851817 9.9991E-05 0.108025 0.806693
9.998E-05 9.998E-05 0.9997 9.998E-05
0.0992158 0.894867 9.9991E-05 0.00581723
9.998E-05 9.998E-05 0.9997 9.998E-05
9.9991E-05 0.749986 0.210848 0.0390657
0.00328569 0.837696 0.136216 0.0228025
9.9982E-05 0.800342 0.199458 9.9982E-05
0.053367 0.821152 0.0524012 0.0730794
0.0104032 0.662238 0.290329 0.0370292
0.24726 0.00767476 9.9991E-05 0.744965
9.9982E-05 0.146869 9.9982E-05 0.852931
9.9982E-05 0.00102915 9.9982E-05 0.998771
0.19261 0.0528277 9.9991E-05 0.754463
9.9982E-05 0.179203 9.9982E-05 0.820597
0.0200801 9.9991E-05 0.0203246 0.959495
0.9997 9.998E-05 9.998E-05 9.998E-05
0.972331 0.0274694 9.9982E-05 9.9982E-05
0.994849 0.0049513 9.9982E-05 9.9982E-05
0.9997 9.998E-05 9.998E-05 9.998E-05
0.970708 9.9991E-05 0.024088 0.00510402
0.9997 9.998E-05 9.998E-05 9.998E-05
