0.373201 9.9973E-05 0.439845 0.186654 9.9973E-05 9.9973E-05
9.9973E-05 0.000334297 9.9973E-05 0.0273296 0.972036 9.9973E-05
9.996E-05 9.996E-05 9.996E-05 9.996E-05 9.996E-05 0.9995
9.996E-05 9.996E-05 0.9995 9.996E-05 9.996E-05 9.996E-05
0.021322 9.9982E-05 0.917952 0.0217998 0.0387258 9.9982E-05
9.996E-05 9.996E-05 0.9995 9.996E-05 9.996E-05 9.996E-05
9.9964E-05 9.9964E-05 0.987949 9.9964E-05 9.9964E-05 0.0116508
0.0557172 9.9964E-05 9.9964E-05 9.9964E-05 0.943883 9.9964E-05
9.9973E-05 0.048711 9.9973E-05 9.9973E-05 0.446273 0.504716
0.0859761 0.0388422 9.9982E-05 9.9982E-05 0.298652 0.57633
9.9964E-05 9.9964E-05 0.143095 9.9964E-05 9.9964E-05 0.856505
9.9964E-05 9.9964E-05 0.0917929 9.9964E-05 9.9964E-05 0.907807
9.9964E-05 9.9964E-05 0.00605093 9.9964E-05 0.993549 9.9964E-05
9.9964E-05 0.00234575 9.9964E-05 9.9964E-05 9.9964E-05 0.997254
9.9964E-05 9.9964E-05 9.9964E-05 0.00116949 0.998431 9.9964E-05
9.996E-05 9.996E-05 9.996E-05 0.9995 9.996E-05 9.996E-05
9.9973E-05 0.104415 0.886086 9.9973E-05 9.9973E-05 0.0091989
9.996E-05 9.996E-05 9.996E-05 0.9995 9.996E-05 9.996E-05
9.9973E-05 9.9973E-05 0.755283 0.19079 0.0536267 9.9973E-05
9.9991E-05 0.0106418 0.839249 0.117241 0.0195606 0.0132075
9.9964E-05 9.9964E-05 0.803273 0.196327 9.9964E-05 9.9964E-05
9.9991E-05 0.0598212 0.822064 0.0473945 0.0199599 0.0506606
9.9982E-05 9.9982E-05 0.666661 0.272032 0.056239 0.00486813
9.9973E-05 0.895732 9.9973E-05 9.9973E-05 0.0222823 0.0816853
0.00331691 0.00239336 0.124798 9.9991E-05 0.0326172 0.836775
9.9964E-05 0.00293854 9.9964E-05 9.9964E-05 9.9964E-05 0.996662
0.374349 9.9982E-05 0.0232987 0.000102884 9.9982E-05 0.60205
9.9973E-05 0.0385601 0.141593 9.9973E-05 9.9973E-05 0.819547
0.0369493 9.9982E-05 9.9982E-05 0.0273961 0.0151517 0.920303
9.996E-05 0.9995 9.996E-05 9.996E-05 9.996E-05 9.996E-05
0.97713 9.9964E-05 0.0224698 9.9964E-05 9.9964E-05 9.9964E-05
0.9995 9.996E-05 9.996E-05 9.996E-05 9.996E-05 9.996E-05
0.986608 0.0129924 9.9964E-05 9.9964E-05 9.9964E-05 9.9964E-05
0.985741 9.9964E-05 9.9964E-05 0.0138589 9.9964E-05 9.9964E-05
0.978663 0.0209372 9.9964E-05 9.9964E-05 9.9964E-05 9.9964E-05
