9.9991E-05 0.440111 0.216473 0.343316
0.835055 9.9991E-05 0.138169 0.0266759
0.9997 9.998E-05 9.998E-05 9.998E-05
9.998E-05 0.9997 9.998E-05 9.998E-05
0.0203458 0.917346 0.0286648 0.0336436
9.998E-05 0.9997 9.998E-05 9.998E-05
0.00701785 0.992782 9.9982E-05 9.9982E-05
0.667686 9.9991E-05 0.0689975 0.263217
0.966177 9.9991E-05 0.017075 0.0166481
0.902634 9.9991E-05 0.0154453 0.0818204
0.819394 0.180406 9.9982E-05 9.9982E-05
0.875984 0.123816 9.9982E-05 9.9982E-05
0.949323 9.9982E-05 0.0504769 9.9982E-05
0.980821 0.0189793 9.9982E-05 9.9982E-05
0.821532 9.9991E-05 0.0995796 0.0787881
9.998E-05 9.998E-05 0.9997 9.998E-05
0.0119448 0.893722 9.9991E-05 0.0942335
9.998E-05 9.998E-05 0.9997 9.998E-05
0.0386975 0.747342 0.21386 9.9991E-05
0.025972 0.846018 0.124673 0.00333711
9.998E-05 0.799311 0.200489 9.998E-05
0.07391 0.821336 0.0512177 0.053536
0.0483578 0.655066 0.296476 9.9991E-05
0.745069 0.00775549 9.9991E-05 0.247076
0.851778 0.148022 9.9982E-05 9.9982E-05
0.9997 9.998E-05 9.998E-05 9.998E-05
0.772808 0.0547884 9.9991E-05 0.172304
0.825376 0.174424 9.9982E-05 9.9982E-05
0.945089 9.9991E-05 0.0246075 0.0302036
9.998E-05 9.998E-05 9.998E-05 0.9997
9.998E-05 0.0282528 9.998E-05 0.971547
9.998E-05 0.0091305 9.998E-05 0.99067
9.998E-05 9.998E-05 9.998E-05 0.9997
9.9982E-05 9.9982E-05 0.0197988 0.980001
9.998E-05 9.998E-05 9.998E-05 0.9997
