0.999101 9.99201E-05 9.99201E-05 9.99201E-05 9.99201E-05 9.99201E-05 9.99201E-05 9.99201E-05 9.99201E-05 9.99201E-05
9.9964E-05 0.0064658 9.9964E-05 9.9964E-05 0.128338 0.0230589 0.0107704 0.00803785 9.9964E-05 0.822929
9.9955E-05 0.000661401 9.9955E-05 9.9955E-05 9.9955E-05 0.00148139 0.00116504 0.00396918 9.9955E-05 0.992223
9.9928E-05 9.9928E-05 9.9928E-05 0.170622 9.9928E-05 9.9928E-05 9.9928E-05 9.9928E-05 0.828579 9.9928E-05
9.9946E-05 9.9946E-05 9.9946E-05 0.944909 0.0430783 0.00275895 9.9946E-05 0.00865418 9.9946E-05 9.9946E-05
9.99201E-05 9.99201E-05 9.99201E-05 0.999101 9.99201E-05 9.99201E-05 9.99201E-05 9.99201E-05 9.99201E-05 9.99201E-05
0.00413131 9.99459E-05 9.99459E-05 0.581838 9.99459E-05 9.99459E-05 9.99459E-05 9.99459E-05 0.409899 0.00353234
9.99201E-05 9.99201E-05 9.99201E-05 9.99201E-05 9.99201E-05 9.99201E-05 9.99201E-05 0.999101 9.99201E-05 9.99201E-05
9.9937E-05 9.9937E-05 9.9937E-05 9.9937E-05 0.0127369 0.0200247 9.9937E-05 9.9937E-05 9.9937E-05 0.966539
9.9973E-05 0.0413483 0.0728818 9.9973E-05 0.0142282 0.0101179 0.190083 0.0564827 9.9973E-05 0.614558
0.00460285 9.9946E-05 9.9946E-05 0.00171222 9.9946E-05 9.9946E-05 9.9946E-05 9.9946E-05 0.163416 0.829669
9.9937E-05 9.9937E-05 9.9937E-05 0.0262408 9.9937E-05 9.9937E-05 9.9937E-05 9.9937E-05 0.0794672 0.893592
9.99201E-05 0.999101 9.99201E-05 9.99201E-05 9.99201E-05 9.99201E-05 9.99201E-05 9.99201E-05 9.99201E-05 9.99201E-05
9.9928E-05 9.9928E-05 9.9928E-05 0.00378852 9.9928E-05 9.9928E-05 9.9928E-05 9.9928E-05 9.9928E-05 0.995412
9.9973E-05 0.00716473 0.0494835 9.9973E-05 0.102832 0.00291099 0.0236555 0.0439318 9.9973E-05 0.769722
0.0008289 9.9928E-05 9.9928E-05 9.9928E-05 0.998372 9.9928E-05 9.9928E-05 9.9928E-05 9.9928E-05 9.9928E-05
9.9928E-05 9.9928E-05 9.9928E-05 9.9928E-05 9.9928E-05 9.9928E-05 0.0245813 9.9928E-05 0.974619 9.9928E-05
9.99201E-05 9.99201E-05 9.99201E-05 9.99201E-05 0.999101 9.99201E-05 9.99201E-05 9.99201E-05 9.99201E-05 9.99201E-05
9.9964E-05 0.0101407 9.9964E-05 0.018222 0.108267 0.00259537 9.9964E-05 0.0189269 0.841448 9.9964E-05
9.9937E-05 0.00520881 9.9937E-05 9.9937E-05 0.00690478 9.9937E-05 9.9937E-05 9.9937E-05 0.987187 9.9937E-05
0.144871 9.99459E-05 9.99459E-05 0.132964 0.0868408 9.99459E-05 9.99459E-05 9.99459E-05 0.634724 9.99459E-05
0.0056545 9.9973E-05 9.9973E-05 0.0909632 9.9973E-05 0.00442723 0.039567 0.0054967 0.802823 0.0507686
0.00432825 0.000682619 0.0270496 0.0469639 0.202814 0.000924014 9.9982E-05 0.0165298 0.700508 9.9982E-05
9.9955E-05 9.9955E-05 9.9955E-05 9.9955E-05 9.9955E-05 0.0140577 0.26514 0.00747218 0.00346093 0.709369
9.99639E-05 0.0473341 0.0227296 0.0460175 9.99639E-05 9.99639E-05 0.00257975 9.99639E-05 0.0908531 0.790086
9.9946E-05 0.00724133 9.9946E-05 0.018655 9.9946E-05 9.9946E-05 0.875835 9.9946E-05 9.9946E-05 0.0976685
0.0429115 9.9946E-05 0.934925 0.0104444 9.9946E-05 9.9946E-05 9.9946E-05 9.9946E-05 9.9946E-05 0.0111192
0.000312988 9.9946E-05 9.9946E-05 0.0229054 9.9946E-05 9.9946E-05 9.9946E-05 9.9946E-05 0.140571 0.835611
9.9955E-05 0.00938486 9.9955E-05 0.0120976 9.9955E-05 9.9955E-05 0.966473 0.00634101 9.9955E-05 0.00520376
0.00447558 9.9937E-05 9.9937E-05 9.9937E-05 9.9937E-05 0.0403131 0.954512 9.9937E-05 9.9937E-05 9.9937E-05
9.9928E-05 9.9928E-05 0.995312 9.9928E-05 9.9928E-05 0.0038883 9.9928E-05 9.9928E-05 9.9928E-05 9.9928E-05
9.99201E-05 9.99201E-05 0.999101 9.99201E-05 9.99201E-05 9.99201E-05 9.99201E-05 9.99201E-05 9.99201E-05 9.99201E-05
0.105204 0.00767501 0.332677 9.9964E-05 9.9964E-05 0.0274604 0.506897 0.0196876 9.9964E-05 9.9964E-05
9.9937E-05 9.9937E-05 9.9937E-05 9.9937E-05 0.0232807 0.00071439 0.975305 9.9937E-05 9.9937E-05 9.9937E-05
9.99201E-05 9.99201E-05 9.99201E-05 9.99201E-05 9.99201E-05 0.999101 9.99201E-05 9.99201E-05 9.99201E-05 9.99201E-05
