0.230585 0.412258 9.9982E-05 0.186496 9.9982E-05 0.00651845 0.163942
0.13752 9.9982E-05 0.0863276 9.9982E-05 0.675403 0.0489307 0.0516187
9.998E-05 9.998E-05 0.0361436 0.0405349 0.879354 0.0151243 0.0286429
9.995E-05 0.9994 9.995E-05 9.995E-05 9.995E-05 9.995E-05 9.995E-05
0.0237397 0.910659 0.0354081 0.0236475 9.9991E-05 0.00160692 0.00483836
9.995E-05 0.9994 9.995E-05 9.995E-05 9.995E-05 9.995E-05 9.995E-05
9.9955E-05 0.986606 9.9955E-05 9.9955E-05 0.0128941 9.9955E-05 9.9955E-05
0.0369044 9.9973E-05 0.873074 9.9973E-05 9.9973E-05 0.0140726 0.0756492
0.0156604 9.9973E-05 9.9973E-05 9.9973E-05 0.921791 0.0363639 0.025885
0.00021585 9.9991E-05 0.467986 0.0374113 0.353475 0.0473406 0.0934711
9.9964E-05 0.124318 9.9964E-05 0.0301432 0.845139 9.9964E-05 9.9964E-05
9.9955E-05 0.0639295 9.9955E-05 9.9955E-05 0.935571 9.9955E-05 9.9955E-05
0.00125896 0.0081444 0.990197 9.9964E-05 9.9964E-05 9.9964E-05 9.9964E-05
9.9973E-05 9.9973E-05 0.00335799 0.891716 0.0941648 0.0104608 9.9973E-05
9.995E-05 9.995E-05 9.995E-05 9.995E-05 9.995E-05 0.9994 9.995E-05
0.9994 9.995E-05 9.995E-05 9.995E-05 9.995E-05 9.995E-05 9.995E-05
9.9973E-05 0.882203 9.9973E-05 9.9973E-05 0.0383678 0.00301901 0.0761107
0.9994 9.995E-05 9.995E-05 9.995E-05 9.995E-05 9.995E-05 9.995E-05
0.199974 0.748642 0.036657 9.9982E-05 0.0140868 0.000439923 9.9982E-05
0.117864 0.839852 0.00586493 0.00087746 0.0227657 0.00554285 0.00723285
0.204262 0.795238 9.99549E-05 9.99549E-05 9.99549E-05 9.99549E-05 9.99549E-05
0.0484011 0.819256 0.00146823 9.9991E-05 0.0740517 0.00461139 0.0521116
0.287608 0.655348 0.00791076 0.0106033 0.0238642 0.0127367 0.00192927
9.9964E-05 9.9964E-05 9.9964E-05 9.9964E-05 0.745752 0.00713798 0.24671
9.99639E-05 0.107687 0.0631948 9.99639E-05 0.828719 9.99639E-05 9.99639E-05
9.995E-05 9.995E-05 0.9994 9.995E-05 9.995E-05 9.995E-05 9.995E-05
9.995E-05 9.995E-05 9.995E-05 0.9994 9.995E-05 9.995E-05 9.995E-05
9.9955E-05 0.120767 9.9955E-05 9.9955E-05 0.878733 9.9955E-05 9.9955E-05
9.995E-05 9.995E-05 0.9994 9.995E-05 9.995E-05 9.995E-05 9.995E-05
9.995E-05 9.995E-05 9.995E-05 9.995E-05 9.995E-05 9.995E-05 0.9994
9.9964E-05 0.0321732 9.9964E-05 9.9964E-05 9.9964E-05 0.0132629 0.954164
9.9964E-05 0.0098325 9.9964E-05 0.00146138 9.9964E-05 9.9964E-05 0.988306
0.00222916 9.9973E-05 0.0137509 0.0622613 9.9973E-05 9.9973E-05 0.921459
0.0306412 9.9973E-05 0.0667356 9.9973E-05 9.9973E-05 0.0148719 0.887451
9.995E-05 9.995E-05 9.995E-05 9.995E-05 9.995E-05 9.995E-05 0.9994
