0.28056 0.307434 0.412006
0.1308 0.8691 9.9991E-05
9.999E-05 0.993424 0.00647571
9.999E-05 9.999E-05 0.9998
0.0343981 0.0500254 0.915577
9.999E-05 9.999E-05 0.9998
9.999E-05 0.000366514 0.999533
0.0770903 0.92281 9.9991E-05
0.0140096 0.98589 9.9991E-05
0.0114511 0.981924 0.00662459
9.9991E-05 0.799847 0.200053
9.9991E-05 0.851724 0.148176
0.0436198 0.946843 0.00953735
9.9991E-05 0.959789 0.040111
0.0986681 0.901232 9.9991E-05
0.9998 9.999E-05 9.999E-05
9.9991E-05 0.104532 0.895368
0.9998 9.999E-05 9.999E-05
0.206428 0.0377456 0.755826
0.124685 0.0330788 0.842236
0.205711 9.9991E-05 0.794189
0.0549099 0.121983 0.823107
0.290993 0.0450716 0.663936
9.9991E-05 0.98083 0.0190701
9.9991E-05 0.832147 0.167753
9.9991E-05 0.984691 0.015209
0.00448066 0.935636 0.0598838
9.9991E-05 0.805069 0.194831
0.0232615 0.976639 9.9991E-05
0.0334196 0.96648 9.9991E-05
0.0442926 0.934309 0.0213988
0.0502828 0.949617 9.9991E-05
0.0533961 0.946504 9.9991E-05
0.0861773 0.913723 9.9991E-05
0.025155 0.974745 9.9991E-05
