9.9982E-05 0.358965 0.201966 0.438869 9.9982E-05
0.825017 0.0102053 0.139577 9.9991E-05 0.0251004
0.9996 9.997E-05 9.997E-05 9.997E-05 9.997E-05
9.997E-05 9.997E-05 9.997E-05 0.9996 9.997E-05
0.000138459 0.057063 0.0280237 0.914675 9.9991E-05
9.997E-05 9.997E-05 9.997E-05 0.9996 9.997E-05
0.00743579 9.9973E-05 9.9973E-05 0.992264 9.9973E-05
0.591282 0.351708 0.0566596 9.9991E-05 0.000249739
0.962842 9.9982E-05 0.0146413 9.9982E-05 0.0223171
0.85941 0.100095 0.0102906 9.9991E-05 0.0301043
0.820855 9.9973E-05 9.9973E-05 0.178845 9.9973E-05
0.877076 9.9973E-05 9.9973E-05 0.122624 9.9973E-05
0.941589 0.0142603 0.0439511 9.9982E-05 9.9982E-05
0.979546 9.9982E-05 9.9982E-05 0.017863 0.0023914
0.816153 0.0675607 0.0999386 9.9991E-05 0.0162475
9.997E-05 9.997E-05 0.9996 9.997E-05 9.997E-05
9.9982E-05 9.9982E-05 0.00371533 0.886883 0.109202
9.997E-05 9.997E-05 0.9996 9.997E-05 9.997E-05
0.0419746 9.9982E-05 0.205931 0.751894 9.9982E-05
0.0172134 0.00354024 0.122481 0.845633 0.0111326
9.997E-05 9.997E-05 0.198079 0.801621 9.997E-05
0.0584499 9.9991E-05 0.0526172 0.820355 0.0684783
0.0343986 0.0150947 0.291915 0.658492 9.9991E-05
0.11394 9.9973E-05 9.9973E-05 9.9973E-05 0.88576
0.85126 9.9973E-05 9.9973E-05 0.14844 9.9973E-05
0.9996 9.997E-05 9.997E-05 9.997E-05 9.997E-05
0.320953 0.62639 9.9982E-05 0.0524566 9.9982E-05
0.755769 9.9982E-05 9.9982E-05 0.174202 0.069829
0.92373 0.0558688 0.0202016 9.9982E-05 9.9982E-05
9.997E-05 9.997E-05 9.997E-05 9.997E-05 0.9996
9.9973E-05 0.977024 9.9973E-05 0.0226764 9.9973E-05
9.997E-05 0.9996 9.997E-05 9.997E-05 9.997E-05
9.9973E-05 0.980415 9.9973E-05 9.9973E-05 0.0192853
9.9982E-05 0.984145 0.0127898 9.9982E-05 0.0028651
9.9973E-05 0.96616 9.9973E-05 9.9973E-05 0.0335398
