9.9955E-05 9.9955E-05 9.9955E-05 0.0182397 9.9955E-05 0.168625 0.0804537 0.728259 0.00392316 9.9955E-05
0.0411236 9.9928E-05 9.9928E-05 9.9928E-05 9.9928E-05 9.9928E-05 9.9928E-05 9.9928E-05 0.958077 9.9928E-05
9.99201E-05 9.99201E-05 9.99201E-05 9.99201E-05 9.99201E-05 9.99201E-05 9.99201E-05 9.99201E-05 9.99201E-05 0.999101
9.99201E-05 9.99201E-05 0.999101 9.99201E-05 9.99201E-05 9.99201E-05 9.99201E-05 9.99201E-05 9.99201E-05 9.99201E-05
0.0299677 9.99555E-05 0.922468 0.0127934 9.99555E-05 9.99555E-05 0.0169383 9.99555E-05 9.99555E-05 0.0173324
9.99201E-05 9.99201E-05 0.999101 9.99201E-05 9.99201E-05 9.99201E-05 9.99201E-05 9.99201E-05 9.99201E-05 9.99201E-05
9.99279E-05 9.99279E-05 0.651481 9.99279E-05 9.99279E-05 9.99279E-05 9.99279E-05 0.347719 9.99279E-05 9.99279E-05
0.0631954 9.9973E-05 9.9973E-05 0.0500265 0.00821538 0.121097 0.00562038 9.9973E-05 0.0690693 0.682476
9.99201E-05 9.99201E-05 9.99201E-05 9.99201E-05 9.99201E-05 9.99201E-05 9.99201E-05 9.99201E-05 0.999101 9.99201E-05
0.00614268 0.12376 9.9982E-05 0.0558985 0.0694069 0.0619395 0.0393803 9.9982E-05 0.31444 0.328832
9.9946E-05 0.918636 0.0290244 9.9946E-05 9.9946E-05 9.9946E-05 0.0208284 9.9946E-05 9.9946E-05 0.0309116
9.99201E-05 0.999101 9.99201E-05 9.99201E-05 9.99201E-05 9.99201E-05 9.99201E-05 9.99201E-05 9.99201E-05 9.99201E-05
0.0158803 9.9928E-05 9.9928E-05 9.9928E-05 9.9928E-05 9.9928E-05 9.9928E-05 9.9928E-05 9.9928E-05 0.98332
9.9928E-05 9.9928E-05 0.0112661 9.9928E-05 9.9928E-05 9.9928E-05 9.9928E-05 9.9928E-05 9.9928E-05 0.987934
0.0270397 9.9937E-05 9.9937E-05 9.9937E-05 9.9937E-05 9.9937E-05 0.00496137 9.9937E-05 0.967299 9.9937E-05
0.993439 9.9937E-05 9.9937E-05 9.9937E-05 0.00533342 9.9937E-05 9.9937E-05 0.000528512 9.9937E-05 9.9937E-05
0.00530085 0.0413951 0.874762 0.00386481 9.99639E-05 0.067313 9.99639E-05 9.99639E-05 0.00696398 9.99639E-05
0.999101 9.99201E-05 9.99201E-05 9.99201E-05 9.99201E-05 9.99201E-05 9.99201E-05 9.99201E-05 9.99201E-05 9.99201E-05
0.0165147 9.9928E-05 9.9928E-05 9.9928E-05 9.9928E-05 9.9928E-05 9.9928E-05 0.982686 9.9928E-05 9.9928E-05
0.13316 0.0126564 0.835437 9.9964E-05 0.00422436 9.9964E-05 0.00623613 9.9964E-05 0.00788714 9.9964E-05
9.9928E-05 9.9928E-05 0.0734068 9.9928E-05 9.9928E-05 9.9928E-05 9.9928E-05 0.925794 9.9928E-05 9.9928E-05
9.99369E-05 0.043483 0.11156 9.99369E-05 9.99369E-05 9.99369E-05 9.99369E-05 0.844258 9.99369E-05 9.99369E-05
0.275201 0.00995884 0.671374 0.00373811 0.00415213 9.9982E-05 0.00201954 9.9982E-05 0.0284581 0.00489797
9.9937E-05 0.143288 9.9937E-05 9.9937E-05 9.9937E-05 0.169743 9.9937E-05 9.9937E-05 0.686269 9.9937E-05
9.9982E-05 0.71753 0.0451168 0.0221504 0.0142518 0.00527293 0.0181759 9.9982E-05 0.0570089 0.120293
9.9973E-05 0.0424116 0.00195822 0.0146511 0.0799247 0.0154535 0.000217463 9.9973E-05 9.9973E-05 0.845084
9.99201E-05 9.99201E-05 9.99201E-05 9.99201E-05 9.99201E-05 9.99201E-05 0.999101 9.99201E-05 9.99201E-05 9.99201E-05
0.00256115 0.996639 9.9928E-05 9.9928E-05 9.9928E-05 9.9928E-05 9.9928E-05 9.9928E-05 9.9928E-05 9.9928E-05
9.99201E-05 9.99201E-05 9.99201E-05 9.99201E-05 0.999101 9.99201E-05 9.99201E-05 9.99201E-05 9.99201E-05 9.99201E-05
9.9937E-05 9.9937E-05 9.9937E-05 0.06618 9.9937E-05 0.896662 9.9937E-05 9.9937E-05 0.0364581 9.9937E-05
9.9928E-05 9.9928E-05 0.0099872 9.9928E-05 9.9928E-05 0.989213 9.9928E-05 9.9928E-05 9.9928E-05 9.9928E-05
9.99201E-05 9.99201E-05 9.99201E-05 9.99201E-05 9.99201E-05 0.999101 9.99201E-05 9.99201E-05 9.99201E-05 9.99201E-05
9.9937E-05 9.9937E-05 9.9937E-05 9.9937E-05 0.0131528 0.966121 0.0200266 9.9937E-05 9.9937E-05 9.9937E-05
0.0120521 9.9937E-05 9.9937E-05 0.984252 0.00299678 9.9937E-05 9.9937E-05 9.9937E-05 9.9937E-05 9.9937E-05
9.9928E-05 9.9928E-05 0.00091055 0.99829 9.9928E-05 9.9928E-05 9.9928E-05 9.9928E-05 9.9928E-05 9.9928E-05
