0.9993 9.994E-05 9.994E-05 9.994E-05 9.994E-05 9.994E-05 9.994E-05 9.994E-05
9.9946E-05 9.9946E-05 9.9946E-05 0.0667387 0.932662 9.9946E-05 9.9946E-05 9.9946E-05
9.9955E-05 9.9955E-05 0.0112377 9.9955E-05 0.00973393 9.9955E-05 9.9955E-05 0.978529
9.9946E-05 0.272814 9.9946E-05 9.9946E-05 9.9946E-05 0.726587 9.9946E-05 9.9946E-05
9.9964E-05 0.929894 0.0379876 0.0222755 9.9964E-05 9.9964E-05 9.9964E-05 0.00944312
9.994E-05 0.9993 9.994E-05 9.994E-05 9.994E-05 9.994E-05 9.994E-05 9.994E-05
9.99459E-05 0.983749 9.99459E-05 9.99459E-05 9.99459E-05 9.99459E-05 9.99459E-05 0.0156508
9.9955E-05 9.9955E-05 0.139703 0.0227417 0.837055 9.9955E-05 9.9955E-05 9.9955E-05
9.994E-05 9.994E-05 9.994E-05 9.994E-05 0.9993 9.994E-05 9.994E-05 9.994E-05
9.99639E-05 9.99639E-05 0.068226 9.99639E-05 0.755565 9.99639E-05 0.0847061 0.0911036
0.00132076 0.00611816 9.9973E-05 9.9973E-05 9.9973E-05 0.154187 0.197263 0.640811
9.9964E-05 0.119272 9.9964E-05 9.9964E-05 0.763829 0.0055389 0.11096 9.9964E-05
0.0121206 0.00573534 9.9955E-05 9.9955E-05 0.981644 9.9955E-05 9.9955E-05 9.9955E-05
9.994E-05 9.994E-05 9.994E-05 9.994E-05 9.994E-05 9.994E-05 9.994E-05 0.9993
9.9946E-05 9.9946E-05 9.9946E-05 0.0301767 0.969224 9.9946E-05 9.9946E-05 9.9946E-05
9.994E-05 9.994E-05 9.994E-05 0.9993 9.994E-05 9.994E-05 9.994E-05 9.994E-05
9.9946E-05 9.9946E-05 9.9946E-05 9.9946E-05 9.9946E-05 0.989704 0.00969601 9.9946E-05
9.994E-05 9.994E-05 9.994E-05 0.9993 9.994E-05 9.994E-05 9.994E-05 9.994E-05
9.9964E-05 0.734716 9.9964E-05 0.195347 0.0530599 0.0164775 9.9964E-05 9.9964E-05
9.994E-05 9.994E-05 9.994E-05 9.994E-05 9.994E-05 0.9993 9.994E-05 9.994E-05
0.148578 0.61091 9.99639E-05 0.128037 9.99639E-05 0.112075 9.99639E-05 9.99639E-05
0.0117978 0.743499 0.0359515 0.0604012 0.00340756 0.0599411 0.084902 9.9991E-05
0.0019191 9.9973E-05 9.9973E-05 0.166009 0.0123552 0.802763 9.9973E-05 0.0166541
9.994E-05 9.994E-05 0.0888987 9.994E-05 9.994E-05 9.994E-05 0.910502 9.994E-05
9.9973E-05 0.0940353 9.9973E-05 9.9973E-05 0.170443 0.0146597 0.649403 0.0711599
9.994E-05 9.994E-05 9.994E-05 9.994E-05 9.994E-05 9.994E-05 0.9993 9.994E-05
0.045655 9.9946E-05 9.9946E-05 9.9946E-05 9.9946E-05 9.9946E-05 9.9946E-05 0.953745
9.9946E-05 0.0857193 9.9946E-05 9.9946E-05 9.9946E-05 9.9946E-05 0.913681 9.9946E-05
9.9964E-05 9.9964E-05 0.00551348 9.9964E-05 0.948312 9.9964E-05 0.0276187 0.0181555
9.9946E-05 9.9946E-05 0.89256 9.9946E-05 9.9946E-05 9.9946E-05 0.10684 9.9946E-05
9.9946E-05 0.0428676 0.956533 9.9946E-05 9.9946E-05 9.9946E-05 9.9946E-05 9.9946E-05
9.9955E-05 0.0158344 0.981029 9.9955E-05 9.9955E-05 0.00263639 9.9955E-05 9.9955E-05
0.113129 9.9964E-05 0.809009 9.9964E-05 0.0615827 9.9964E-05 9.9964E-05 0.0158798
9.9946E-05 9.9946E-05 0.969385 0.0300156 9.9946E-05 9.9946E-05 9.9946E-05 9.9946E-05
9.994E-05 9.994E-05 0.9993 9.994E-05 9.994E-05 9.994E-05 9.994E-05 9.994E-05
